0.017258668349706 0.083724289613363 1
0.040007467188301 0.080842149018552 2
0.047052052682965 0.070995976572594 3
0.047054049305029 0.062218673916971 4
0.037351206106057 0.055135968191441 5
0.031507175268210 0.048913887087957 6
0.028121528397587 0.044832988378407 7
0.025944086086934 0.041660961498435 8
0.024185604794654 0.038815035490295 9
0.022938577068449 0.036262694643768 10
0.021932899965252 0.033970933622375 11
0.021060190117754 0.031902270514492 12
0.020312693088404 0.030029377008061 13
0.019604740846289 0.028324865982539 14
0.018964422767962 0.026768120125855 15
0.018356835734743 0.025340737349172 16
0.017786753073494 0.024027501026307 17
0.017244072625260 0.022925880779617 18
0.016728207702488 0.022208892863245 19
0.016236406857987 0.021534937202008 20
0.015766103371903 0.020900184916326 21
0.015317118786161 0.020301237312730 22
0.014886981132787 0.019735007121553 23
0.014475558985406 0.019198742740646 24
0.014081287762098 0.018689964520989 25
0.013703528244287 0.018206450646471 26
0.013341347030833 0.017746204029655 27
0.012993906287073 0.017307428331818 28
0.012660489915029 0.016888506926919 29
0.012340311988633 0.016487981309724 30
0.012032711180726 0.016104534898241 31
0.011737009090798 0.015736976304299 32
0.011452588435725 0.015384226130725 33
0.011178859280618 0.015045304349668 34
0.010915264561949 0.014719319670098 35
0.010661282519472 0.014405459907473 36
0.010416420124362 0.014102983585795 37
0.010180213883054 0.013811212486848 38
0.009952229149174 0.013529525079984 39
0.009732055273200 0.013257350711053 40
0.009519308517361 0.012994164465993 41
0.009313626214075 0.012739482618016 42
0.009114669283516 0.012492858597190 43
0.008922118056198 0.012253879408424 44
0.008735673133132 0.012022162451800 45
0.008555052978675 0.011797352689738 46
0.008379993505795 0.011579120123510 47
0.008210246695460 0.011367157539323 48
0.008045579588088 0.011161178493248 49
0.007885773321640 0.010960915506431 50
0.007730621990066 0.010766118446048 51
0.007579931813497 0.010576553070918 52
0.007433520076729 0.010391999722643 53
0.007291214355421 0.010212252146260 54
0.007152851605411 0.010037116425655 55
0.007018277455712 0.009866410021340 56
0.006887345459449 0.009699960899230 57
0.006759916479081 0.009537606740714 58
0.006635858086680 0.009379194225215 59
0.006515044053445 0.009224578377612 60
0.006397353878090 0.009073621973654 61
0.006282672377005 0.008926194997363 62
0.006170889317550 0.008782174145047 63
0.006061899096163 0.008641442371196 64
0.005955600455168 0.008503888472040 65
0.005851896233305 0.008369406703046 66
0.005750693147868 0.008237896427024 67
0.005651901602654 0.008109261789912 68
0.005555435520392 0.007983411421610 69
0.005461212194805 0.007860258159528 70
0.005369152160849 0.007739718792787 71
0.005279179079437 0.007621713825193 72
0.005191219635056 0.007506167255346 73
0.005105203443514 0.007393006372389 74
0.005021062968242 0.007282161566081 75
0.004938733443123 0.007173566149979 76
0.004858152800467 0.007067156196679 77
0.004779261602664 0.006962870384141 78
0.004702002976417 0.006860649852226 79
0.004626322548551 0.006760438068656 80
0.004552168382613 0.006662180703696 81
0.004479490915625 0.006565825512897 82
0.004408242894483 0.006471322227326 83
0.004338379311672 0.006378622450730 84
0.004269857339989 0.006287679563167 85
0.004202636266168 0.006198448630634 86
0.004136677423264 0.006110886320296 87
0.004071944121804 0.006024950820927 88
0.004008401579674 0.005940601768226 89
0.003946016850798 0.005857800174668 90
0.003884758752648 0.005776508363612 91
0.003824597792636 0.005696689907368 92
0.003765506093452 0.005618309568989 93
0.003707457317375 0.005541333247523 94
0.003650426589625 0.005465727926528 95
0.003594390420766 0.005391461625623 96
0.003539326628223 0.005318503354892 97
0.003485214256925 0.005246823071962 98
0.003432033499147 0.005176391641578 99
0.003379765613599 0.005107180797528 100
0.003328392843895 0.005039163106769 101
0.003277898336495 0.004972311935613 102
0.003228266058355 0.004906601417857 103
0.003179480714503 0.004842006424718 104
0.003131527665855 0.004778502536487 105
0.003084392847666 0.004716066015778 106
0.003038062689045 0.004654673782280 107
0.002992524034080 0.004594303388920 108
0.002947764065134 0.004534932999352 109
0.002903770228989 0.004476541366683 110
0.002860530166482 0.004419107813356 111
0.002818031646378 0.004362612212124 112
0.002776262504191 0.004307034968029 113
0.002735210586630 0.004252357001325 114
0.002694863702370 0.004198559731267 115
0.002655209579717 0.004145625060717 116
0.002616235831669 0.004093535361475 117
0.002577929928798 0.004042273460303 118
0.002540279180188 0.003991822625561 119
0.002503270722568 0.003942166554404 120
0.002466891517608 0.003893289360484 121
0.002431128357189 0.003845175562106 122
0.002395967876325 0.003797810070789 123
0.002361396573218 0.003751178180177 124
0.002327400835895 0.003705265555277 125
0.002293966974629 0.003660058221965 126
0.002261081259399 0.003615542556747 127
0.002228729961464 0.003571705276730 128
0.002196899398144 0.003528533429787 129
0.002165575979875 0.003486014384905 130
0.002134746258608 0.003444135822688 131
0.002104396976643 0.003402885726012 132
0.002074515115059 0.003362252370830 133
0.002045087940938 0.003322224317125 134
0.002016103052679 0.003282790400003 135
0.001996613829864 0.003243939720950 136
0.001980899556004 0.003205661639240 137
0.001965343604916 0.003167945763520 138
0.001949949407245 0.003130781943570 139
0.001934720358800 0.003094160262257 140
0.001919659749233 0.003058071027695 141
0.001904770693992 0.003022504765615 142
0.001890056070171 0.002987452211966 143
0.001875518456867 0.002952904305747 144
0.001861160080502 0.002918852182093 145
0.001846982765562 0.002885287165609 146
0.001832987891062 0.002852200763966 147
0.001819176353034 0.002819584661766 148
0.001805548533250 0.002787430714679 149
0.001792104274313 0.002755730943851 150
0.001778842861235 0.002724477530585 151
0.001765763009514 0.002693662811304 152
0.001752862859703 0.002663279272784 153
0.001740139978410 0.002633319547653 154
0.001727591365578 0.002603776410164 155
0.001715213467874 0.002574642772230 156
0.001703002197941 0.002545911679705 157
0.001690952959193 0.002517576308932 158
0.001679060675797 0.002489629963509 159
0.001667319827382 0.002462066071302 160
0.001655724487996 0.002434878181674 161
0.001644268368730 0.002408059962920 162
0.001632944863370 0.002381605199897 163
0.001621747096434 0.002355507791844 164
0.001610667972823 0.002329761750362 165
0.001599700228369 0.002304361197546 166
0.001588836480477 0.002279300364257 167
0.001578069278094 0.002254573588511 168
0.001567391150244 0.002230175313962 169
0.001556794652387 0.002206100088477 170
0.001546272409953 0.002182342562771 171
0.001535817158412 0.002158897489082 172
0.001525421779399 0.002135759719889 173
0.001515079332473 0.002112924206628 174
0.001504783082210 0.002090385998415 175
0.001494526520477 0.002068140240745 176
0.001484303383821 0.002046182174174 177
0.001474107666087 0.002024507132946 178
0.001463933626438 0.002003110543588 179
0.001453775793116 0.001981987923445 180
0.001443628963343 0.001961134879164 181
0.001433488199864 0.001940547105125 182
0.001423348824682 0.001920220381809 183
0.001413206410586 0.001900150574130 184
0.001403056771093 0.001880333629716 185
0.001392895949409 0.001860765577155 186
0.001382720207023 0.001841442524213 187
0.001372526012483 0.001822360656045 188
0.001362310030862 0.001803516233386 189
0.001352069114352 0.001784905590759 190
0.001341800294344 0.001766525134693 191
0.001331500775279 0.001748371341967 192
0.001321167930456 0.001730440757895 193
0.001310799299902 0.001712729994650 194
0.001300392590329 0.001695235729644 195
0.001289945677103 0.001677954703962 196
0.001279456608118 0.001660883720862 197
0.001268923609354 0.001644019644340 198
0.001258345091894 0.001627359397757 199
0.001247719660099 0.001610899962540 200
0.001237046120626 0.001594638376942 201
0.001226323491957 0.001578571734868 202
0.001215551014094 0.001562697184753 203
0.001204728158076 0.001547011928502 204
0.001193854635001 0.001531513220472 205
0.001182930404249 0.001516198366497 206
0.001171955680613 0.001501064722944 207
0.001160930940122 0.001486109695805 208
0.001149856924333 0.001471330739808 209
0.001138734642931 0.001456725357535 210
0.001127565374525 0.001442291098566 211
0.001116350665553 0.001428025558609 212
0.001105092327265 0.001413926378647 213
0.001093792430769 0.001399991244061 214
0.001082453300202 0.001386217883766 215
0.001071077504081 0.001372604069319 216
0.001059667844936 0.001359147614023 217
0.001048227347353 0.001345846372014 218
0.001036759244584 0.001332698237341 219
0.001025266963863 0.001319701143023 220
0.001013754110627 0.001306853060102 221
0.001002224451818 0.001294151996681 222
0.000990681898450 0.001281595996958 223
0.000979130487638 0.001269183140249 224
0.000967574364267 0.001256911540013 225
0.000956017762490 0.001244779342876 226
0.000944464987228 0.001232784727656 227
0.000932920395823 0.001220925904402 228
0.000921388380011 0.001209201113437 229
0.000909873348346 0.001197608624419 230
0.000898379709189 0.001186146735418 231
0.000886911854398 0.001174813772008 232
0.000875474143769 0.001163608086396 233
0.000864070890358 0.001152528056563 234
0.000852706346702 0.001141572085437 235
0.000841384692014 0.001130738600101 236
0.000830110020378 0.001120026051026 237
0.000818886329977 0.001109432911341 238
0.000807717513337 0.001098957676134 239
0.000796607348622 0.001088598861794 240
0.000785559491941 0.001078355005379 241
0.000774577470660 0.001068224664024 242
0.000763664677694 0.001058206414388 243
0.000752824366735 0.001048298852125 244
0.000742059648385 0.001038500591400 245
0.000731373487148 0.001028810264430 246
0.000720768699237 0.001019226521058 247
0.000710247951141 0.001009748028362 248
0.000699813758902 0.001000373470289 249
0.000689468488054 0.000991101547316 250
0.000679214354172 0.000981930976140 251
0.000669053423969 0.000972860489389 252
0.000658987616898 0.000963888835361 253
0.000649018707217 0.000955014777776 254
0.000639148326442 0.000946237095559 255
0.000629377966171 0.000937554582626 256
0.000619708981220 0.000928966047699 257
0.000610142593024 0.000920470314130 258
0.000600679893274 0.000912066219736 259
0.000591321847750 0.000903752616651 260
0.000582069300305 0.000895528371183 261
0.000572922976982 0.000887392363683 262
0.000563883490231 0.000879343488423 263
0.000554951343184 0.000871380653470 264
0.000546126933981 0.000863502780585 265
0.000537410560118 0.000855708805103 266
0.000528802422796 0.000847997675839 267
0.000520302631246 0.000840368354978 268
0.000511911207028 0.000832819817978 269
0.000503628088275 0.000825351053472 270
0.000495453133878 0.000817961063168 271
0.000487386127601 0.000810648861752 272
0.000479426782105 0.000803413476789 273
0.000471574742890 0.000796253948623 274
0.000463829592138 0.000789169330282 275
0.000456190852446 0.000782158687369 276
0.000448657990459 0.000775221097966 277
0.000441230420386 0.000768355652525 278
0.000433907507403 0.000761561453763 279
0.000426688570945 0.000754837616557 280
0.000419572887869 0.000748183267827 281
0.000412559695507 0.000741597546433 282
0.000405648194604 0.000735079603050 283
0.000398837552126 0.000728628600062 284
0.000392126903966 0.000722243711439 285
0.000385515357521 0.000715924122615 286
0.000379001994170 0.000709669030371 287
0.000372585871624 0.000703477642712 288
0.000366266026185 0.000697349178735 289
0.000360041474880 0.000691282868513 290
0.000353911217506 0.000685277952958 291
0.000347874238565 0.000679333683697 292
0.000341929509103 0.000673449322943 293
0.000336075988453 0.000667624143360 294
0.000332811888258 0.000661857427936 295
0.000329658692192 0.000656148469847 296
0.000326529299586 0.000650496572325 297
0.000323423697727 0.000644901048527 298
0.000320341870625 0.000639361221399 299
0.000317283798867 0.000633876423544 300
0.000314249459497 0.000628445997088 301
0.000311238825909 0.000623069293546 302
0.000308251867781 0.000617745673690 303
0.000305288551017 0.000612474507414 304
0.000302348837707 0.000607255173604 305
0.000299432686106 0.000602087060006 306
0.000296540050633 0.000596969563092 307
0.000293670881878 0.000591902087934 308
0.000290825126621 0.000586884048072 309
0.000288778123663 0.000581914865382 310
0.000286810230269 0.000576993969956 311
0.000284855234948 0.000572120799970 312
0.000282913104147 0.000567294801559 313
0.000280983802671 0.000562515428695 314
0.000279067293702 0.000557782143060 315
0.000277163538825 0.000553094413931 316
0.000275272498060 0.000548451718051 317
0.000273394129894 0.000543853539517 318
0.000271528391315 0.000539299369661 319
0.000269675237854 0.000534788706931 320
0.000267834623620 0.000530321056778 321
0.000266006501345 0.000525895931545 322
0.000264190822423 0.000521512850353 323
0.000262387536958 0.000517171338991 324
0.000260596593805 0.000512870929809 325
0.000258817940616 0.000508611161609 326
0.000257051523889 0.000504391579543 327
0.000255297289007 0.000500211735005 328
0.000253555180290 0.000496071185534 329
0.000251825141039 0.000491969494707 330
0.000250107113582 0.000487906232048 331
0.000248401039318 0.000483880972924 332
0.000246706858764 0.000479893298452 333
0.000245024511597 0.000475942795405 334
0.000243353936703 0.000472029056120 335
0.000241695072214 0.000468151678404 336
0.000240047855557 0.000464310265449 337
0.000238412223490 0.000460504425741 338
0.000236788112148 0.000456733772973 339
0.000235175457081 0.000452997925964 340
0.000233574193293 0.000449296508572 341
0.000231984255282 0.000445629149614 342
0.000230405577076 0.000441995482783 343
0.000228838092273 0.000438395146573 344
0.000227281734072 0.000434827784200 345
0.000225736435310 0.000431293043523 346
0.000224202128498 0.000427790576973 347
0.000222678745850 0.000424320041478 348
0.000221166219317 0.000420881098392 349
0.000219664480616 0.000417473413423 350
0.000218173461263 0.000414096656562 351
0.000216693092600 0.000410750502021 352
0.000215223305822 0.000407434628160 353
0.000213764032005 0.000404148717423 354
0.000212315202134 0.000400892456275 355
0.000210876747125 0.000397665535139 356
0.000209448597850 0.000394467648331 357
0.000208030685163 0.000391298494004 358
0.000206622939919 0.000388157774083 359
0.000205225292997 0.000385045194209 360
0.000203837675322 0.000381960463685 361
0.000202460017885 0.000378903295410 362
0.000201092251759 0.000375873405837 363
0.000199734308121 0.000372870514904 364
0.000198386118268 0.000369894345994 365
0.000197047613635 0.000366944625874 366
0.000195718725809 0.000364021084646 367
0.000194399386548 0.000361123455699 368
0.000193089527791 0.000358251475655 369
0.000191789081678 0.000355404884325 370
0.000190497980559 0.000352583424660 371
0.000189216157007 0.000349786842700 372
0.000187943543834 0.000347014887536 373
0.000186680074098 0.000344267311258 374
0.000185425681119 0.000341543868913 375
0.000184180298482 0.000338844318465 376
0.000182943860058 0.000336168420746 377
0.000181716300002 0.000333515939419 378
0.000180497552770 0.000330886640936 379
0.000179287553124 0.000328280294495 380
0.000178086236140 0.000325696672004 381
0.000176893537218 0.000323135548040 382
0.000175709392084 0.000320596699812 383
0.000174533736805 0.000318079907120 384
0.000173366507786 0.000315584952324 385
0.000172207641781 0.000313111620303 386
0.000171057075899 0.000310659698422 387
0.000169914747608 0.000308228976494 388
0.000168780594736 0.000305819246750 389
0.000167654555484 0.000303430303801 390
0.000166536568420 0.000301061944607 391
0.000165426572493 0.000298713968448 392
0.000164324507027 0.000296386176882 393
0.000163230311730 0.000294078373725 394
0.000162143926696 0.000291790365012 395
0.000161065292406 0.000289521958971 396
0.000159994349733 0.000287272965989 397
0.000158931039940 0.000285043198588 398
0.000157875304687 0.000282832471393 399
0.000156827086027 0.000280640601102 400
0.000155786326413 0.000278467406462 401
0.000154752968697 0.000276312708238 402
0.000153726956128 0.000274176329190 403
0.000152708232357 0.000272058094040 404
0.000151696741437 0.000269957829456 405
0.000150692427822 0.000267875364013 406
0.000149695236366 0.000265810528180 407
0.000148705112328 0.000263763154290 408
0.000147722001368 0.000261733076514 409
0.000146745849546 0.000259720130838 410
0.000145776603325 0.000257724155043 411
0.000144814209570 0.000255744988677 412
0.000143858615544 0.000253782473032 413
0.000142909768911 0.000251836451127 414
0.000141967617735 0.000249906767680 415
0.000141032110475 0.000247993269089 416
0.000140103195991 0.000246095803408 417
0.000139180823534 0.000244214220332 418
0.000138264942753 0.000242348371166 419
0.000137355503689 0.000240498108815 420
0.000136452456775 0.000238663287758 421
0.000135555752834 0.000236843764027 422
0.000134665343077 0.000235039395192 423
0.000133781179103 0.000233250040340 424
0.000132903212896 0.000231475560054 425
0.000132031396824 0.000229715816396 426
0.000131165683636 0.000227970672888 427
0.000130306026461 0.000226239994497 428
0.000129452378805 0.000224523647610 429
0.000128604694550 0.000222821500025 430
0.000127762927954 0.000221133420926 431
0.000126927033644 0.000219459280874 432
0.000126096966616 0.000217798951780 433
0.000125272682236 0.000216152306898 434
0.000124454136233 0.000214519220805 435
0.000123641284699 0.000212899569382 436
0.000122834084087 0.000211293229802 437
0.000122032491208 0.000209700080515 438
0.000121236463228 0.000208120001228 439
0.000120445957669 0.000206552872894 440
0.000119660932400 0.000204998577697 441
0.000118881345643 0.000203456999034 442
0.000118107155963 0.000201928021503 443
0.000117338322271 0.000200411530889 444
0.000116574803816 0.000198907414147 445
0.000115816560191 0.000197415559392 446
0.000115063551320 0.000195935855884 447
0.000114315737465 0.000194468194011 448
0.000113573079216 0.000193012465282 449
0.000112835537494 0.000191568562307 450
0.000112103073547 0.000190136378790 451
0.000111375648943 0.000188715809513 452
0.000110653225576 0.000187306750324 453
0.000109935765656 0.000185909098122 454
0.000109223231709 0.000184522750853 455
0.000108515586576 0.000183147607486 456
0.000107812793408 0.000181783568012 457
0.000107114815666 0.000180430533425 458
0.000106421617115 0.000179088405713 459
0.000105733161826 0.000177757087848 460
0.000105049414170 0.000176436483773 461
0.000104370338816 0.000175126498389 462
0.000103695900730 0.000173827037547 463
0.000103026065171 0.000172538008037 464
0.000102360797689 0.000171259317577 465
0.000101700064123 0.000169990874800 466
0.000101043830598 0.000168732589246 467
0.000100392063524 0.000167484371353 468
0.000099744729590 0.000166246132442 469
0.000099101795765 0.000165017784714 470
0.000098463229294 0.000163799241232 471
0.000097828997697 0.000162590415919 472
0.000097199068764 0.000161391223542 473
0.000096573410556 0.000160201579708 474
0.000095951991400 0.000159021400850 475
0.000095334779887 0.000157850604219 476
0.000094721744870 0.000156689107878 477
0.000094112855464 0.000155536830690 478
0.000093508081039 0.000154393692308 479
0.000092907391221 0.000153259613169 480
0.000092310755889 0.000152134514484 481
0.000091718145173 0.000151018318230 482
0.000091129529451 0.000149910947142 483
0.000090544879347 0.000148812324701 484
0.000089964165729 0.000147722375131 485
0.000089387359707 0.000146641023388 486
0.000088814432630 0.000145568195153 487
0.000088245356085 0.000144503816823 488
0.000087680101895 0.000143447815502 489
0.000087118642113 0.000142400118997 490
0.000086560949026 0.000141360655809 491
0.000086006995148 0.000140329355122 492
0.000085456753221 0.000139306146802 493
0.000084910196211 0.000138290961382 494
0.000084367297307 0.000137283730062 495
0.000083828029917 0.000136284384697 496
0.000083292367670 0.000135292857792 497
0.000082760284409 0.000134309082493 498
0.000082231754194 0.000133332992585 499
0.000081706751295 0.000132364522478 500
0.000081185250196 0.000131403607207 501
0.000080667225585 0.000130450182420 502
0.000080152652362 0.000129504184376 503
0.000079641505627 0.000128565549933 504
0.000079133760686 0.000127634216550 505
0.000078629393045 0.000126710122271 506
0.000078128378409 0.000125793205725 507
0.000077630692683 0.000124883406118 508
0.000077136311962 0.000123980663227 509
0.000076645212541 0.000123084917395 510
0.000076157370903 0.000122196109522 511
0.000075672763722 0.000121314181062 512
0.000075191367861 0.000120439074017 513
0.000074713160370 0.000119570730929 514
0.000074238118483 0.000118709094879 515
0.000073766219618 0.000117854109473 516
0.000073297441374 0.000117005718848 517
0.000072831761531 0.000116163867654 518
0.000072369158046 0.000115328501060 519
0.000071909609054 0.000114499564740 520
0.000071453092863 0.000113677004872 521
0.000070999587956 0.000112860768133 522
0.000070549072988 0.000112050801693 523
0.000070101526784 0.000111247053207 524
0.000069656928336 0.000110449470814 525
0.000069215256806 0.000109658003133 526
0.000068776491519 0.000108872599252 527
0.000068340611965 0.000108093208729 528
0.000067907597798 0.000107319781584 529
0.000067477428830 0.000106552268296 530
0.000067050085036 0.000105790619798 531
0.000066625546546 0.000105034787470 532
0.000066203793650 0.000104284723138 533
0.000065784806790 0.000103540379068 534
0.000065368566564 0.000102801707959 535
0.000064955053723 0.000102068662943 536
0.000064544249166 0.000101341197579 537
0.000064136133945 0.000100619265846 538
0.000063730689258 0.000099902822141 539
0.000063327896452 0.000099191821277 540
0.000062927737018 0.000098486218474 541
0.000062530192593 0.000097785969359 542
0.000062135244956 0.000097091029959 543
0.000061742876027 0.000096401356697 544
0.000061353067868 0.000095716906393 545
0.000060965802680 0.000095037636253 546
0.000060581062800 0.000094363503869 547
0.000060198830705 0.000093694467214 548
0.000059819089005 0.000093030484639 549
0.000059441820446 0.000092371514870 550
0.000059067007905 0.000091717517002 551
0.000058694634392 0.000091068450495 552
0.000058324683049 0.000090424275175 553
0.000057957137146 0.000089784951224 554
0.000057591980081 0.000089150439180 555
0.000057229195380 0.000088520699936 556
0.000056868766696 0.000087895694730 557
0.000056510677805 0.000087275385147 558
0.000056154912610 0.000086659733112 559
0.000055801455132 0.000086048700890 560
0.000055450289519 0.000085442251080 561
0.000055101400036 0.000084840346614 562
0.000054754771069 0.000084242950750 563
0.000054410387122 0.000083650027074 564
0.000054068232817 0.000083061539490 565
0.000053728292892 0.000082477452225 566
0.000053390552201 0.000081897729819 567
0.000053054995711 0.000081322337126 568
0.000052721608505 0.000080751239308 569
0.000052390375777 0.000080184401836 570
0.000052061282830 0.000079621790481 571
0.000051734315082 0.000079063371317 572
0.000051409458058 0.000078509110717 573
0.000051086697391 0.000077958975344 574
0.000050766018823 0.000077412932157 575
0.000050447408202 0.000076870948403 576
0.000050130851483 0.000076332991615 577
0.000049816334724 0.000075799029609 578
0.000049503844087 0.000075269030483 579
0.000049193365839 0.000074742962611 580
0.000048884886348 0.000074220794644 581
0.000048578392083 0.000073702495505 582
0.000048273869614 0.000073188034388 583
0.000047971305610 0.000072677380753 584
0.000047670686839 0.000072170504327 585
0.000047372000167 0.000071667375096 586
0.000047075232557 0.000071167963310 587
0.000046780371068 0.000070672239473 588
0.000046487402855 0.000070180174345 589
0.000046196315167 0.000069691738940 590
0.000045907095347 0.000069206904520 591
0.000045619730830 0.000068725642594 592
0.000045334209146 0.000068247924920 593
0.000045050517913 0.000067773723496 594
0.000044768644842 0.000067303010561 595
0.000044488577733 0.000066835758593 596
0.000044210304475 0.000066371940307 597
0.000043933813046 0.000065911528649 598
0.000043659091512 0.000065454496800 599
0.000043386128025 0.000065000818170 600
0.000043114910823 0.000064550466393 601
0.000042845428230 0.000064103415333 602
0.000042577668655 0.000063659639074 603
0.000042311620591 0.000063219111922 604
0.000042047272615 0.000062781808402 605
0.000041784613384 0.000062347703256 606
0.000041523631641 0.000061916771439 607
0.000041264316207 0.000061488988122 608
0.000041006655985 0.000061064328684 609
0.000040750639959 0.000060642768715 610
0.000040496257190 0.000060224284010 611
0.000040243496819 0.000059808850571 612
0.000039992348065 0.000059396444602 613
0.000039742800226 0.000058987042508 614
0.000039494842673 0.000058580620893 615
0.000039248464856 0.000058177156560 616
0.000039003656300 0.000057776626506 617
0.000038760406605 0.000057379007924 618
0.000038518705445 0.000056984278196 619
0.000038278542567 0.000056592414896 620
0.000038039907792 0.000056203395788 621
0.000037802791014 0.000055817198820 622
0.000037567182198 0.000055433802126 623
0.000037333071380 0.000055053184024 624
0.000037100448668 0.000054675323013 625
0.000036869304240 0.000054300197772 626
0.000036639628343 0.000053927787160 627
0.000036411411292 0.000053558070211 628
0.000036184643474 0.000053191026132 629
0.000035959315340 0.000052826634309 630
0.000035735417411 0.000052464874295 631
0.000035512940275 0.000052105725815 632
0.000035291874584 0.000051749168764 633
0.000035072211059 0.000051395183202 634
0.000034853940483 0.000051043749357 635
0.000034637053708 0.000050694847620 636
0.000034421541645 0.000050348458544 637
0.000034207395273 0.000050004562844 638
0.000033994605634 0.000049663141395 639
0.000033783163829 0.000049324175231 640
0.000033573061026 0.000048987645540 641
0.000033364288453 0.000048653533670 642
0.000033156837398 0.000048321821119 643
0.000032950699211 0.000047992489539 644
0.000032745865303 0.000047665520735 645
0.000032542327144 0.000047340896660 646
0.000032340076263 0.000047018599416 647
0.000032139104249 0.000046698611251 648
0.000031939402749 0.000046380914563 649
0.000031740963468 0.000046065491890 650
0.000031543778169 0.000045752325916 651
0.000031347838672 0.000045441399466 652
0.000031153136854 0.000045132695506 653
0.000030959664646 0.000044826197142 654
0.000030767414038 0.000044521887618 655
0.000030576377075 0.000044219750315 656
0.000030386545854 0.000043919768749 657
0.000030197912530 0.000043621926571 658
0.000030010469310 0.000043326207567 659
0.000029824208457 0.000043032595654 660
0.000029639122284 0.000042741074879 661
0.000029455203159 0.000042451629420 662
0.000029272443504 0.000042164243584 663
0.000029090835789 0.000041878901805 664
0.000028910372539 0.000041595588643 665
0.000028731046330 0.000041314288786 666
0.000028552849787 0.000041034987043 667
0.000028375775588 0.000040757668347 668
0.000028199816459 0.000040482317754 669
0.000028024965177 0.000040208920440 670
0.000027851214569 0.000039937461702 671
0.000027678557508 0.000039667926954 672
0.000027506986920 0.000039400301731 673
0.000027336495777 0.000039134571681 674
0.000027167077098 0.000038870722570 675
0.000026998723950 0.000038608740278 676
0.000026831429450 0.000038348610800 677
0.000026665186757 0.000038090320242 678
0.000026499989082 0.000037833854822 679
0.000026335829677 0.000037579200871 680
0.000026172701843 0.000037326344826 681
0.000026010598926 0.000037075273236 682
0.000025849514316 0.000036825972756 683
0.000025689441449 0.000036578430150 684
0.000025530373805 0.000036332632287 685
0.000025372304908 0.000036088566140 686
0.000025215228326 0.000035846218787 687
0.000025059137671 0.000035605577410 688
0.000024904026597 0.000035366629293 689
0.000024749888801 0.000035129361822 690
0.000024596718023 0.000034893762481 691
0.000024444508046 0.000034659818857 692
0.000024293252694 0.000034427518635 693
0.000024142945833 0.000034196849598 694
0.000023993581369 0.000033967799624 695
0.000023845153250 0.000033740356691 696
0.000023697655465 0.000033514508870 697
0.000023551082043 0.000033290244328 698
0.000023405427053 0.000033067551325 699
0.000023260684605 0.000032846418216 700
0.000023116848846 0.000032626833445 701
0.000022973913964 0.000032408785550 702
0.000022831874187 0.000032192263160 703
0.000022690723778 0.000031977254992 704
0.000022550457042 0.000031763749853 705
0.000022411068320 0.000031551736638 706
0.000022272551993 0.000031341204333 707
0.000022134902476 0.000031132142005 708
0.000021998114225 0.000030924538813 709
0.000021862181731 0.000030718383996 710
0.000021727099522 0.000030513666884 711
0.000021592862162 0.000030310376884 712
0.000021459464252 0.000030108503492 713
0.000021326900430 0.000029908036283 714
0.000021195165367 0.000029708964916 715
0.000021064253771 0.000029511279130 716
0.000020934160385 0.000029314968745 717
0.000020804879988 0.000029120023660 718
0.000020676407392 0.000028926433855 719
0.000020548737444 0.000028734189386 720
0.000020421865025 0.000028543280388 721
0.000020295785050 0.000028353697074 722
0.000020170492469 0.000028165429733 723
0.000020045982263 0.000027978468728 724
0.000019922249449 0.000027792804499 725
0.000019799289074 0.000027608427561 726
0.000019677096220 0.000027425328502 727
0.000019555666002 0.000027243497983 728
0.000019434993564 0.000027062926739 729
0.000019315074085 0.000026883605576 730
0.000019195902775 0.000026705525371 731
0.000019077474876 0.000026528677074 732
0.000018959785660 0.000026353051704 733
0.000018842830432 0.000026178640348 734
0.000018726604527 0.000026005434166 735
0.000018611103310 0.000025833424383 736
0.000018496322178 0.000025662602294 737
0.000018382256558 0.000025492959261 738
0.000018268901905 0.000025324486712 739
0.000018156253707 0.000025157176143 740
0.000018044307479 0.000024991019113 741
0.000017933058768 0.000024826007250 742
0.000017822503148 0.000024662132243 743
0.000017712636222 0.000024499385847 744
0.000017603453625 0.000024337759881 745
0.000017494951016 0.000024177246226 746
0.000017387124086 0.000024017836825 747
0.000017279968554 0.000023859523685 748
0.000017173480164 0.000023702298873 749
0.000017067654690 0.000023546154518 750
0.000016962487935 0.000023391082808 751
0.000016857975728 0.000023237075992 752
0.000016754113924 0.000023084126378 753
0.000016650898406 0.000022932226335 754
0.000016548325086 0.000022781368287 755
0.000016446389900 0.000022631544720 756
0.000016345088812 0.000022482748174 757
0.000016244417810 0.000022334971248 758
0.000016144372912 0.000022188206597 759
0.000016044950159 0.000022042446934 760
0.000015946145619 0.000021897685024 761
0.000015847955384 0.000021753913691 762
0.000015750375575 0.000021611125811 763
0.000015653402334 0.000021469314315 764
0.000015557031831 0.000021328472191 765
0.000015461260260 0.000021188592475 766
0.000015366083839 0.000021049668261 767
0.000015271498812 0.000020911692691 768
0.000015177501447 0.000020774658964 769
0.000015084088035 0.000020638560328 770
0.000014991254893 0.000020503390081 771
0.000014898998360 0.000020369141575 772
0.000014807314800 0.000020235808211 773
0.000014716200601 0.000020103383439 774
0.000014625652172 0.000019971860761 775
0.000014535665948 0.000019841233727 776
0.000014446238387 0.000019711495935 777
0.000014357365967 0.000019582641033 778
0.000014269045191 0.000019454662715 779
0.000014181272586 0.000019327554727 780
0.000014094044699 0.000019201310856 781
0.000014007358099 0.000019075924942 782
0.000013921209380 0.000018951390867 783
0.000013835595155 0.000018827702563 784
0.000013750512062 0.000018704854004 785
0.000013665956757 0.000018582839211 786
0.000013581925921 0.000018461652252 787
0.000013498416254 0.000018341287236 788
0.000013415424478 0.000018221738320 789
0.000013332947338 0.000018102999702 790
0.000013250981597 0.000017985065626 791
0.000013169524040 0.000017867930377 792
0.000013088571474 0.000017751588284 793
0.000013008120725 0.000017636033720 794
0.000012928168641 0.000017521261097 795
0.000012848712087 0.000017407264872 796
0.000012769747952 0.000017294039543 797
0.000012691273144 0.000017181579646 798
0.000012613284588 0.000017069879763 799
0.000012535779234 0.000016958934513 800
0.000012458754046 0.000016848738556 801
0.000012382206012 0.000016739286592 802
0.000012306132138 0.000016630573362 803
0.000012230529447 0.000016522593644 804
0.000012155394983 0.000016415342256 805
0.000012080725811 0.000016308814056 806
0.000012006519010 0.000016203003937 807
0.000011932771683 0.000016097906834 808
0.000011859480947 0.000015993517718 809
0.000011786643941 0.000015889831595 810
0.000011714257819 0.000015786843513 811
0.000011642319757 0.000015684548554 812
0.000011570826946 0.000015582941835 813
0.000011499776597 0.000015482018514 814
0.000011429165937 0.000015381773780 815
0.000011358992213 0.000015282202861 816
0.000011289252688 0.000015183301020 817
0.000011219944642 0.000015085063553 818
0.000011151065374 0.000014987485793 819
0.000011082612199 0.000014890563107 820
0.000011014582450 0.000014794290895 821
0.000010946973478 0.000014698664595 822
0.000010879782648 0.000014603679674 823
0.000010813007344 0.000014509331635 824
0.000010746644967 0.000014415616014 825
0.000010680692933 0.000014322528380 826
0.000010615148675 0.000014230064334 827
0.000010550009644 0.000014138219511 828
0.000010485273305 0.000014046989577 829
0.000010420937140 0.000013956370229 830
0.000010356998648 0.000013866357199 831
0.000010293455342 0.000013776946246 832
0.000010230304753 0.000013688133165 833
0.000010167544426 0.000013599913778 834
0.000010105171923 0.000013512283940 835
0.000010043184821 0.000013425239536 836
0.000009981580711 0.000013338776480 837
0.000009920357202 0.000013252890719 838
0.000009859511916 0.000013167578226 839
0.000009799042491 0.000013082835006 840
0.000009738946581 0.000012998657092 841
0.000009679221853 0.000012915040549 842
0.000009619865991 0.000012831981467 843
0.000009560876690 0.000012749475966 844
0.000009502251665 0.000012667520196 845
0.000009443988641 0.000012586110332 846
0.000009386085359 0.000012505242582 847
0.000009328539575 0.000012424913176 848
0.000009271349059 0.000012345118375 849
0.000009214511595 0.000012265854467 850
0.000009158024980 0.000012187117767 851
0.000009101887027 0.000012108904615 852
0.000009046095561 0.000012031211381 853
0.000008990648422 0.000011954034458 854
0.000008935543463 0.000011877370268 855
0.000008880778551 0.000011801215259 856
0.000008826351567 0.000011725565903 857
0.000008772260404 0.000011650418698 858
0.000008718502969 0.000011575770170 859
0.000008665077184 0.000011501616867 860
0.000008611980982 0.000011427955364 861
0.000008559212309 0.000011354782260 862
0.000008506769126 0.000011282094180 863
0.000008454649404 0.000011209887773 864
0.000008402851130 0.000011138159711 865
0.000008351372302 0.000011066906691 866
0.000008300210930 0.000010996125436 867
0.000008249365039 0.000010925812688 868
0.000008198832664 0.000010855965217 869
0.000008148611853 0.000010786579816 870
0.000008098700667 0.000010717653298 871
0.000008049097180 0.000010649182502 872
0.000007999799477 0.000010581164289 873
0.000007950805654 0.000010513595544 874
0.000007902113822 0.000010446473171 875
0.000007853722101 0.000010379794100 876
0.000007805628624 0.000010313555282 877
0.000007757831537 0.000010247753689 878
0.000007710328997 0.000010182386316 879
0.000007663119170 0.000010117450179 880
0.000007616200238 0.000010052942316 881
0.000007569570392 0.000009988859787 882
0.000007523227834 0.000009925199671 883
0.000007477170778 0.000009861959070 884
0.000007431397450 0.000009799135106 885
0.000007385906087 0.000009736724922 886
0.000007340694935 0.000009674725682 887
0.000007295762254 0.000009613134570 888
0.000007251106313 0.000009551948789 889
0.000007206725393 0.000009491165564 890
0.000007162617785 0.000009430782139 891
0.000007118781792 0.000009370795778 892
0.000007075215725 0.000009311203764 893
0.000007031917910 0.000009252003400 894
0.000006988886680 0.000009193192010 895
0.000006946120379 0.000009134766934 896
0.000006903617362 0.000009076725533 897
0.000006861375995 0.000009019065186 898
0.000006819394654 0.000008961783292 899
0.000006777671723 0.000008904877267 900
0.000006736205599 0.000008848344547 901
0.000006694994689 0.000008792182585 902
0.000006654037408 0.000008736388853 903
0.000006613332182 0.000008680960842 904
0.000006572877447 0.000008625896058 905
0.000006532671650 0.000008571192028 906
0.000006492713245 0.000008516846295 907
0.000006453000697 0.000008462856419 908
0.000006413532483 0.000008409219979 909
0.000006374307086 0.000008355934570 910
0.000006335323000 0.000008302997804 911
0.000006296578728 0.000008250407311 912
0.000006258072785 0.000008198160738 913
0.000006219803691 0.000008146255747 914
0.000006181769978 0.000008094690019 915
0.000006143970187 0.000008043461249 916
0.000006106402868 0.000007992567150 917
0.000006069066580 0.000007942005451 918
0.000006031959890 0.000007891773897 919
0.000005995081376 0.000007841870249 920
0.000005958429624 0.000007792292284 921
0.000005922003228 0.000007743037795 922
0.000005885800793 0.000007694104589 923
0.000005849820929 0.000007645490491 924
0.000005814062259 0.000007597193339 925
0.000005778523413 0.000007549210989 926
0.000005743203027 0.000007501541309 927
0.000005708099750 0.000007454182186 928
0.000005673212237 0.000007407131517 929
0.000005638539150 0.000007360387219 930
0.000005604079163 0.000007313947221 931
0.000005569830956 0.000007267809466 932
0.000005535793217 0.000007221971912 933
0.000005501964644 0.000007176432533 934
0.000005468343941 0.000007131189316 935
0.000005434929822 0.000007086240263 936
0.000005401721007 0.000007041583388 937
0.000005368716227 0.000006997216721 938
0.000005335914217 0.000006953138306 939
0.000005303313724 0.000006909346200 940
0.000005270913500 0.000006865838473 941
0.000005238712306 0.000006822613210 942
0.000005206708911 0.000006779668509 943
0.000005174902090 0.000006737002480 944
0.000005143290628 0.000006694613249 945
0.000005111873315 0.000006652498954 946
0.000005080648952 0.000006610657744 947
0.000005049616344 0.000006569087783 948
0.000005018774305 0.000006527787249 949
0.000004988121657 0.000006486754331 950
0.000004957657229 0.000006445987231 951
0.000004927379856 0.000006405484164 952
0.000004897288382 0.000006365243356 953
0.000004867381658 0.000006325263048 954
0.000004837658541 0.000006285541492 955
0.000004808117897 0.000006246076952 956
0.000004778758597 0.000006206867704 957
0.000004749579520 0.000006167912038 958
0.000004720579552 0.000006129208252 959
0.000004691757586 0.000006090754660 960
0.000004663112523 0.000006052549585 961
0.000004634643268 0.000006014591364 962
0.000004606348736 0.000005976878345 963
0.000004578227847 0.000005939408884 964
0.000004550279528 0.000005902181355 965
0.000004522502713 0.000005865194137 966
0.000004494896342 0.000005828445625 967
0.000004467459362 0.000005791934222 968
0.000004440190727 0.000005755658344 969
0.000004413089397 0.000005719616419 970
0.000004386154339 0.000005683806881 971
0.000004359384526 0.000005648228181 972
0.000004332778937 0.000005612878778 973
0.000004306336558 0.000005577757140 974
0.000004280056381 0.000005542861749 975
0.000004253937406 0.000005508191096 976
0.000004227978636 0.000005473743681 977
0.000004202179082 0.000005439518018 978
0.000004176537761 0.000005405512628 979
0.000004151053698 0.000005371726044 980
0.000004125725920 0.000005338156808 981
0.000004100553464 0.000005304803474 982
0.000004075535370 0.000005271664603 983
0.000004050670686 0.000005238738770 984
0.000004025958465 0.000005206024557 985
0.000004001397766 0.000005173520555 986
0.000003976987655 0.000005141225368 987
0.000003952727202 0.000005109137608 988
0.000003928615484 0.000005077255896 989
0.000003904651583 0.000005045578863 990
0.000003880834587 0.000005014105150 991
0.000003857163589 0.000004982833406 992
0.000003833637690 0.000004951762291 993
0.000003810255995 0.000004920890474 994
0.000003787017613 0.000004890216632 995
0.000003763921661 0.000004859739453 996
0.000003740967260 0.000004829457631 997
0.000003718153538 0.000004799369872 998
0.000003695479628 0.000004769474890 999
0.000003672944666 0.000004739771409 1000
0.000003650547796 0.000004710258158 1001
0.000003628288167 0.000004680933879 1002
0.000003606164932 0.000004651797321 1003
0.000003584177252 0.000004622847241 1004
0.000003562324289 0.000004594082405 1005
0.000003540605214 0.000004565501588 1006
0.000003519019201 0.000004537103573 1007
0.000003497565431 0.000004508887152 1008
0.000003476243088 0.000004480851124 1009
0.000003455051361 0.000004452994298 1010
0.000003433989447 0.000004425315488 1011
0.000003413056546 0.000004397813521 1012
0.000003392251861 0.000004370487228 1013
0.000003371574604 0.000004343335449 1014
0.000003351023988 0.000004316357034 1015
0.000003330599235 0.000004289550838 1016
0.000003310299568 0.000004262915725 1017
0.000003290124216 0.000004236450567 1018
0.000003270072415 0.000004210154244 1019
0.000003250143402 0.000004184025644 1020
0.000003230336422 0.000004158063661 1021
0.000003210650723 0.000004132267197 1022
0.000003191085558 0.000004106635164 1023
0.000003171640184 0.000004081166477 1024
0.000003152313865 0.000004055860062 1025
0.000003133105866 0.000004030714852 1026
0.000003114015459 0.000004005729786 1027
0.000003095041920 0.000003980903810 1028
0.000003076184530 0.000003956235878 1029
0.000003057442573 0.000003931724953 1030
0.000003038815339 0.000003907370001 1031
0.000003020302121 0.000003883169998 1032
0.000003001902217 0.000003859123927 1033
0.000002983614931 0.000003835230776 1034
0.000002965439569 0.000003811489543 1035
0.000002947375441 0.000003787899228 1036
0.000002929421863 0.000003764458843 1037
0.000002911578156 0.000003741167403 1038
0.000002893843642 0.000003718023933 1039
0.000002876217650 0.000003695027461 1040
0.000002858699511 0.000003672177024 1041
0.000002841288563 0.000003649471666 1042
0.000002823984146 0.000003626910435 1043
0.000002806785603 0.000003604492388 1044
0.000002789692285 0.000003582216586 1045
0.000002772703542 0.000003560082100 1046
0.000002755818733 0.000003538088003 1047
0.000002739037218 0.000003516233377 1048
0.000002722358361 0.000003494517309 1049
0.000002705781530 0.000003472938894 1050
0.000002689306099 0.000003451497232 1051
0.000002672931444 0.000003430191427 1052
0.000002656656944 0.000003409020594 1053
0.000002640481984 0.000003387983849 1054
0.000002624405952 0.000003367080317 1055
0.000002608428238 0.000003346309127 1056
0.000002592548240 0.000003325669416 1057
0.000002576765356 0.000003305160326 1058
0.000002561078988 0.000003284781003 1059
0.000002545488543 0.000003264530602 1060
0.000002529993432 0.000003244408282 1061
0.000002514593069 0.000003224413206 1062
0.000002499286871 0.000003204544547 1063
0.000002484074258 0.000003184801478 1064
0.000002468954657 0.000003165183184 1065
0.000002453927494 0.000003145688849 1066
0.000002438992202 0.000003126317668 1067
0.000002424148217 0.000003107068837 1068
0.000002409394977 0.000003087941561 1069
0.000002394731924 0.000003068935049 1070
0.000002380158504 0.000003050048514 1071
0.000002365674166 0.000003031281175 1072
0.000002351278364 0.000003012632259 1073
0.000002336970552 0.000002994100995 1074
0.000002322750190 0.000002975686617 1075
0.000002308616741 0.000002957388367 1076
0.000002294569671 0.000002939205489 1077
0.000002280608450 0.000002921137235 1078
0.000002266732549 0.000002903182859 1079
0.000002252941444 0.000002885341622 1080
0.000002239234616 0.000002867612791 1081
0.000002225611545 0.000002849995634 1082
0.000002212071718 0.000002832489428 1083
0.000002198614624 0.000002815093453 1084
0.000002185239753 0.000002797806994 1085
0.000002171946601 0.000002780629341 1086
0.000002158734667 0.000002763559789 1087
0.000002145603451 0.000002746597636 1088
0.000002132552458 0.000002729742187 1089
0.000002119581196 0.000002712992752 1090
0.000002106689173 0.000002696348642 1091
0.000002093875905 0.000002679809176 1092
0.000002081140907 0.000002663373678 1093
0.000002068483700 0.000002647041473 1094
0.000002055903804 0.000002630811893 1095
0.000002043400746 0.000002614684275 1096
0.000002030974054 0.000002598657959 1097
0.000002018623260 0.000002582732291 1098
0.000002006347896 0.000002566906619 1099
0.000001994147501 0.000002551180297 1100
0.000001982021614 0.000002535552683 1101
0.000001969969778 0.000002520023139 1102
0.000001957991538 0.000002504591032 1103
0.000001946086443 0.000002489255733 1104
0.000001934254043 0.000002474016617 1105
0.000001922493893 0.000002458873063 1106
0.000001910805549 0.000002443824455 1107
0.000001899188571 0.000002428870179 1108
0.000001887642520 0.000002414009627 1109
0.000001876166962 0.000002399242195 1110
0.000001864761464 0.000002384567283 1111
0.000001853425596 0.000002369984294 1112
0.000001842158930 0.000002355492635 1113
0.000001830961044 0.000002341091719 1114
0.000001819831513 0.000002326780961 1115
0.000001808769920 0.000002312559780 1116
0.000001797775847 0.000002298427599 1117
0.000001786848880 0.000002284383846 1118
0.000001775988607 0.000002270427951 1119
0.000001765194620 0.000002256559350 1120
0.000001754466512 0.000002242777479 1121
0.000001743803879 0.000002229081783 1122
0.000001733206319 0.000002215471706 1123
0.000001722673434 0.000002201946697 1124
0.000001712204826 0.000002188506212 1125
0.000001701800101 0.000002175149706 1126
0.000001691458868 0.000002161876638 1127
0.000001681180738 0.000002148686475 1128
0.000001670965323 0.000002135578683 1129
0.000001660812239 0.000002122552734 1130
0.000001650721103 0.000002109608101 1131
0.000001640691537 0.000002096744264 1132
0.000001630723162 0.000002083960703 1133
0.000001620815604 0.000002071256905 1134
0.000001610968489 0.000002058632356 1135
0.000001601181448 0.000002046086550 1136
0.000001591454111 0.000002033618980 1137
0.000001581786113 0.000002021229147 1138
0.000001572177090 0.000002008916551 1139
0.000001562626681 0.000001996680698 1140
0.000001553134526 0.000001984521096 1141
0.000001543700269 0.000001972437257 1142
0.000001534323554 0.000001960428696 1143
0.000001525004029 0.000001948494931 1144
0.000001515741344 0.000001936635483 1145
0.000001506535150 0.000001924849877 1146
0.000001497385101 0.000001913137640 1147
0.000001488290853 0.000001901498304 1148
0.000001479252064 0.000001889931401 1149
0.000001470268395 0.000001878436469 1150
0.000001461339507 0.000001867013048 1151
0.000001452465065 0.000001855660680 1152
0.000001443644735 0.000001844378913 1153
0.000001434878187 0.000001833167294 1154
0.000001426165089 0.000001822025376 1155
0.000001417505116 0.000001810952714 1156
0.000001408897942 0.000001799948865 1157
0.000001400343243 0.000001789013391 1158
0.000001391840698 0.000001778145855 1159
0.000001383389987 0.000001767345824 1160
0.000001374990793 0.000001756612866 1161
0.000001366642800 0.000001745946555 1162
0.000001358345695 0.000001735346465 1163
0.000001350099167 0.000001724812174 1164
0.000001341902905 0.000001714343263 1165
0.000001333756601 0.000001703939315 1166
0.000001325659951 0.000001693599917 1167
0.000001317612649 0.000001683324657 1168
0.000001309614394 0.000001673113126 1169
0.000001301664885 0.000001662964919 1170
0.000001293763823 0.000001652879633 1171
0.000001285910913 0.000001642856868 1172
0.000001278105860 0.000001632896225 1173
0.000001270348370 0.000001622997309 1174
0.000001262638152 0.000001613159728 1175
0.000001254974917 0.000001603383092 1176
0.000001247358377 0.000001593667013 1177
0.000001239788247 0.000001584011106 1178
0.000001232264242 0.000001574414989 1179
0.000001224786080 0.000001564878281 1180
0.000001217353481 0.000001555400606 1181
0.000001209966165 0.000001545981589 1182
0.000001202623856 0.000001536620856 1183
0.000001195326278 0.000001527318039 1184
0.000001188073157 0.000001518072768 1185
0.000001180864221 0.000001508884680 1186
0.000001173699201 0.000001499753410 1187
0.000001166577826 0.000001490678600 1188
0.000001159499831 0.000001481659890 1189
0.000001152464949 0.000001472696924 1190
0.000001145472917 0.000001463789350 1191
0.000001138523473 0.000001454936817 1192
0.000001131616355 0.000001446138974 1193
0.000001124751307 0.000001437395476 1194
0.000001117928068 0.000001428705979 1195
0.000001111146385 0.000001420070140 1196
0.000001104406003 0.000001411487620 1197
0.000001097706669 0.000001402958081 1198
0.000001091048132 0.000001394481187 1199
0.000001084430143 0.000001386056606 1200
0.000001077852453 0.000001377684006 1201
0.000001071314816 0.000001369363058 1202
0.000001064816988 0.000001361093436 1203
0.000001058358724 0.000001352874816 1204
0.000001051939782 0.000001344706873 1205
0.000001045559923 0.000001336589289 1206
0.000001039218907 0.000001328521745 1207
0.000001032916497 0.000001320503924 1208
0.000001026652456 0.000001312535513 1209
0.000001020426550 0.000001304616199 1210
0.000001014238546 0.000001296745672 1211
0.000001008088212 0.000001288923625 1212
0.000001001975318 0.000001281149750 1213
0.000000995899634 0.000001273423745 1214
0.000000989860934 0.000001265745306 1215
0.000000983858991 0.000001258114133 1216
0.000000977893580 0.000001250529929 1217
0.000000971964478 0.000001242992398 1218
0.000000966071464 0.000001235501244 1219
0.000000960214316 0.000001228056175 1220
0.000000954392816 0.000001220656902 1221
0.000000948606745 0.000001213303134 1222
0.000000942855887 0.000001205994586 1223
0.000000937140026 0.000001198730973 1224
0.000000931458949 0.000001191512011 1225
0.000000925812444 0.000001184337419 1226
0.000000920200298 0.000001177206918 1227
0.000000914622302 0.000001170120230 1228
0.000000909078248 0.000001163077080 1229
0.000000903567927 0.000001156077193 1230
0.000000898091134 0.000001149120297 1231
0.000000892647663 0.000001142206121 1232
0.000000887237312 0.000001135334398 1233
0.000000881859877 0.000001128504859 1234
0.000000876515158 0.000001121717240 1235
0.000000871202955 0.000001114971278 1236
0.000000865923069 0.000001108266709 1237
0.000000860675303 0.000001101603275 1238
0.000000855459460 0.000001094980716 1239
0.000000850275345 0.000001088398776 1240
0.000000845122765 0.000001081857200 1241
0.000000840001527 0.000001075355735 1242
0.000000834911440 0.000001068894128 1243
0.000000829852312 0.000001062472128 1244
0.000000824823956 0.000001056089489 1245
0.000000819826183 0.000001049745962 1246
0.000000814858806 0.000001043441302 1247
0.000000809921640 0.000001037175266 1248
0.000000805014500 0.000001030947610 1249
0.000000800137202 0.000001024758095 1250
0.000000795289566 0.000001018606482 1251
0.000000790471408 0.000001012492531 1252
0.000000785682550 0.000001006416009 1253
0.000000780922813 0.000001000376679 1254
0.000000776192018 0.000000994374310 1255
0.000000771489989 0.000000988408669 1256
0.000000766816550 0.000000982479527 1257
0.000000762171527 0.000000976586654 1258
0.000000757554746 0.000000970729825 1259
0.000000752966035 0.000000964908812 1260
0.000000748405223 0.000000959123392 1261
0.000000743872138 0.000000953373343 1262
0.000000739366612 0.000000947658443 1263
0.000000734888477 0.000000941978471 1264
0.000000730437565 0.000000936333211 1265
0.000000726013710 0.000000930722443 1266
0.000000721616747 0.000000925145954 1267
0.000000717246512 0.000000919603529 1268
0.000000712902841 0.000000914094954 1269
0.000000708585573 0.000000908620018 1270
0.000000704294547 0.000000903178511 1271
0.000000700029602 0.000000897770224 1272
0.000000695790578 0.000000892394950 1273
0.000000691577319 0.000000887052483 1274
0.000000687389666 0.000000881742617 1275
0.000000683227463 0.000000876465150 1276
0.000000679090556 0.000000871219878 1277
0.000000674978789 0.000000866006602 1278
0.000000670892009 0.000000860825120 1279
0.000000666830064 0.000000855675236 1280
0.000000662792803 0.000000850556752 1281
0.000000658780074 0.000000845469472 1282
0.000000654791728 0.000000840413202 1283
0.000000650827616 0.000000835387748 1284
0.000000646887591 0.000000830454808 1285
0.000000642971504 0.000000825798985 1286
0.000000639079212 0.000000821169489 1287
0.000000635210567 0.000000816566167 1288
0.000000631365426 0.000000811988871 1289
0.000000627543646 0.000000807437451 1290
0.000000623745084 0.000000802911760 1291
0.000000619969598 0.000000798411652 1292
0.000000616217048 0.000000793936979 1293
0.000000612487293 0.000000789487596 1294
0.000000608780196 0.000000785063361 1295
0.000000605095616 0.000000780664128 1296
0.000000601433418 0.000000776289755 1297
0.000000597793465 0.000000771940100 1298
0.000000594175620 0.000000767615023 1299
0.000000590579750 0.000000763314382 1300
0.000000587005720 0.000000759038038 1301
0.000000583453397 0.000000754785853 1302
0.000000579922648 0.000000750557690 1303
0.000000576413343 0.000000746353409 1304
0.000000572925350 0.000000742172876 1305
0.000000569458539 0.000000738015956 1306
0.000000566012781 0.000000733882513 1307
0.000000562587948 0.000000729772413 1308
0.000000559183913 0.000000725685523 1309
0.000000555800548 0.000000721621711 1310
0.000000552437727 0.000000717580846 1311
0.000000549095326 0.000000713562795 1312
0.000000545773219 0.000000709567431 1313
0.000000542471283 0.000000705594622 1314
0.000000539189395 0.000000701644240 1315
0.000000535927433 0.000000697716158 1316
0.000000532685275 0.000000693810249 1317
0.000000529462801 0.000000689926385 1318
0.000000526259891 0.000000686064442 1319
0.000000523076425 0.000000682224294 1320
0.000000519912285 0.000000678405817 1321
0.000000516767353 0.000000674608888 1322
0.000000513641511 0.000000670833384 1323
0.000000510534645 0.000000667079183 1324
0.000000507446638 0.000000663346163 1325
0.000000504377375 0.000000659634204 1326
0.000000501326741 0.000000655943186 1327
0.000000498294624 0.000000652272989 1328
0.000000495280911 0.000000648623495 1329
0.000000492285489 0.000000644994586 1330
0.000000489308247 0.000000641386145 1331
0.000000486349074 0.000000637798055 1332
0.000000483407860 0.000000634230200 1333
0.000000480484496 0.000000630682466 1334
0.000000477578872 0.000000627154737 1335
0.000000474690882 0.000000623646899 1336
0.000000471820417 0.000000620158840 1337
0.000000468967370 0.000000616690447 1338
0.000000466131636 0.000000613241608 1339
0.000000463313109 0.000000609812210 1340
0.000000460511684 0.000000606402145 1341
0.000000457727257 0.000000603011302 1342
0.000000454959725 0.000000599639571 1343
0.000000452208984 0.000000596286844 1344
0.000000449474933 0.000000592953012 1345
0.000000446757469 0.000000589637969 1346
0.000000444056492 0.000000586341606 1347
0.000000441371901 0.000000583063819 1348
0.000000438703597 0.000000579804500 1349
0.000000436051479 0.000000576563546 1350
0.000000433415451 0.000000573340851 1351
0.000000430795412 0.000000570136313 1352
0.000000428191268 0.000000566949827 1353
0.000000425602919 0.000000563781291 1354
0.000000423030271 0.000000560630603 1355
0.000000420473228 0.000000557497661 1356
0.000000417931695 0.000000554382365 1357
0.000000415405576 0.000000551284614 1358
0.000000412894779 0.000000548204308 1359
0.000000410399211 0.000000545141349 1360
0.000000407918777 0.000000542095637 1361
0.000000405453387 0.000000539067075 1362
0.000000403002949 0.000000536055564 1363
0.000000400567371 0.000000533061010 1364
0.000000398146563 0.000000530083314 1365
0.000000395740436 0.000000527122381 1366
0.000000393348899 0.000000524178116 1367
0.000000390971864 0.000000521250424 1368
0.000000388609244 0.000000518339211 1369
0.000000386260949 0.000000515444384 1370
0.000000383926893 0.000000512565849 1371
0.000000381606989 0.000000509703513 1372
0.000000379301152 0.000000506857286 1373
0.000000377009294 0.000000504027074 1374
0.000000374731333 0.000000501212788 1375
0.000000372467181 0.000000498414337 1376
0.000000370216757 0.000000495631630 1377
0.000000367979976 0.000000492864579 1378
0.000000365756755 0.000000490113095 1379
0.000000363547011 0.000000487377089 1380
0.000000361350664 0.000000484656473 1381
0.000000359167630 0.000000481951161 1382
0.000000356997829 0.000000479261064 1383
0.000000354841182 0.000000476586098 1384
0.000000352697606 0.000000473926175 1385
0.000000350567024 0.000000471281211 1386
0.000000348449355 0.000000468651121 1387
0.000000346344522 0.000000466035820 1388
0.000000344252446 0.000000463435224 1389
0.000000342173050 0.000000460849250 1390
0.000000340106257 0.000000458277815 1391
0.000000338051989 0.000000455720837 1392
0.000000336010171 0.000000453178233 1393
0.000000333980727 0.000000450649922 1394
0.000000331963582 0.000000448135823 1395
0.000000329958660 0.000000445635855 1396
0.000000327965888 0.000000443149938 1397
0.000000325985192 0.000000440677993 1398
0.000000324016497 0.000000438219939 1399
0.000000322059732 0.000000435775700 1400
0.000000320114824 0.000000433345195 1401
0.000000318181700 0.000000430928347 1402
0.000000316260288 0.000000428525080 1403
0.000000314350519 0.000000426135315 1404
0.000000312452320 0.000000423758976 1405
0.000000310565621 0.000000421395987 1406
0.000000308690353 0.000000419046273 1407
0.000000306826446 0.000000416709758 1408
0.000000304973831 0.000000414386368 1409
0.000000303132439 0.000000412076028 1410
0.000000301302203 0.000000409778664 1411
0.000000299483053 0.000000407494202 1412
0.000000297674923 0.000000405222570 1413
0.000000295877746 0.000000402963695 1414
0.000000294091454 0.000000400717505 1415
0.000000292315983 0.000000398483927 1416
0.000000290551266 0.000000396262890 1417
0.000000288797238 0.000000394054324 1418
0.000000287053834 0.000000391858157 1419
0.000000285320989 0.000000389674319 1420
0.000000283598639 0.000000387502741 1421
0.000000281886720 0.000000385343354 1422
0.000000280185169 0.000000383196087 1423
0.000000278493923 0.000000381060873 1424
0.000000276812919 0.000000378937643 1425
0.000000275142095 0.000000376826329 1426
0.000000273481389 0.000000374726864 1427
0.000000271830739 0.000000372639181 1428
0.000000270190085 0.000000370563213 1429
0.000000268559366 0.000000368498895 1430
0.000000266938521 0.000000366446159 1431
0.000000265327490 0.000000364404940 1432
0.000000263726214 0.000000362375173 1433
0.000000262134633 0.000000360356794 1434
0.000000260552689 0.000000358349738 1435
0.000000258980322 0.000000356353940 1436
0.000000257417476 0.000000354369338 1437
0.000000255864091 0.000000352395867 1438
0.000000254320110 0.000000350433465 1439
0.000000252785477 0.000000348482070 1440
0.000000251260134 0.000000346541619 1441
0.000000249744025 0.000000344612049 1442
0.000000248237094 0.000000342693301 1443
0.000000246739285 0.000000340785311 1444
0.000000245250543 0.000000338888020 1445
0.000000243770812 0.000000337001367 1446
0.000000242300039 0.000000335125292 1447
0.000000240838167 0.000000333259735 1448
0.000000239385144 0.000000331404637 1449
0.000000237940916 0.000000329559937 1450
0.000000236505429 0.000000327725579 1451
0.000000235078630 0.000000325901502 1452
0.000000233660466 0.000000324087650 1453
0.000000232250885 0.000000322283964 1454
0.000000230849835 0.000000320490387 1455
0.000000229457264 0.000000318706861 1456
0.000000228073120 0.000000316933331 1457
0.000000226697352 0.000000315169739 1458
0.000000225329910 0.000000313416028 1459
0.000000223970743 0.000000311672145 1460
0.000000222619800 0.000000309938032 1461
0.000000221277031 0.000000308213635 1462
0.000000219942388 0.000000306498898 1463
0.000000218615821 0.000000304793768 1464
0.000000217297280 0.000000303098190 1465
0.000000215986716 0.000000301412110 1466
0.000000214684083 0.000000299735474 1467
0.000000213389330 0.000000298068229 1468
0.000000212102411 0.000000296410323 1469
0.000000210823278 0.000000294761701 1470
0.000000209551883 0.000000293122312 1471
0.000000208288180 0.000000291492104 1472
0.000000207032122 0.000000289871025 1473
0.000000205783662 0.000000288259023 1474
0.000000204542754 0.000000286656047 1475
0.000000203309353 0.000000285062046 1476
0.000000202083413 0.000000283476970 1477
0.000000200864889 0.000000281900767 1478
0.000000199653735 0.000000280333389 1479
0.000000198449907 0.000000278774785 1480
0.000000197253361 0.000000277224905 1481
0.000000196064052 0.000000275683701 1482
0.000000194881936 0.000000274151124 1483
0.000000193706969 0.000000272627124 1484
0.000000192539109 0.000000271111654 1485
0.000000191378312 0.000000269604664 1486
0.000000190224535 0.000000268106108 1487
0.000000189077736 0.000000266615939 1488
0.000000187937872 0.000000265134107 1489
0.000000186804902 0.000000263660567 1490
0.000000185678782 0.000000262195272 1491
0.000000184559473 0.000000260738175 1492
0.000000183446932 0.000000259289230 1493
0.000000182341118 0.000000257848392 1494
0.000000181241991 0.000000256415613 1495
0.000000180149509 0.000000254990849 1496
0.000000179063634 0.000000253574055 1497
0.000000177984324 0.000000252165185 1498
0.000000176911540 0.000000250764196 1499
0.000000175845242 0.000000249371042 1500
0.000000174785391 0.000000247985679 1501
0.000000173731947 0.000000246608064 1502
0.000000172684872 0.000000245238153 1503
0.000000171644128 0.000000243875902 1504
0.000000170609675 0.000000242521268 1505
0.000000169581476 0.000000241174209 1506
0.000000168559492 0.000000239834681 1507
0.000000167543686 0.000000238502643 1508
0.000000166534021 0.000000237178051 1509
0.000000165530459 0.000000235860865 1510
0.000000164532964 0.000000234551042 1511
0.000000163541498 0.000000233248540 1512
0.000000162556024 0.000000231953319 1513
0.000000161576507 0.000000230665338 1514
0.000000160602911 0.000000229384556 1515
0.000000159635199 0.000000228110931 1516
0.000000158673335 0.000000226844425 1517
0.000000157717285 0.000000225584996 1518
0.000000156767013 0.000000224332605 1519
0.000000155822484 0.000000223087213 1520
0.000000154883664 0.000000221848779 1521
0.000000153950517 0.000000220617265 1522
0.000000153023009 0.000000219392632 1523
0.000000152101106 0.000000218174841 1524
0.000000151184773 0.000000216963853 1525
0.000000150273979 0.000000215759631 1526
0.000000149368687 0.000000214562135 1527
0.000000148468866 0.000000213371329 1528
0.000000147574482 0.000000212187174 1529
0.000000146685503 0.000000211009634 1530
0.000000145801894 0.000000209838670 1531
0.000000144923625 0.000000208674246 1532
0.000000144050661 0.000000207516325 1533
0.000000143182973 0.000000206364871 1534
0.000000142320526 0.000000205219846 1535
0.000000141463290 0.000000204081216 1536
0.000000140611232 0.000000202948944 1537
0.000000139764323 0.000000201822993 1538
0.000000138922529 0.000000200703329 1539
0.000000138085821 0.000000199589917 1540
0.000000137254167 0.000000198482720 1541
0.000000136427538 0.000000197381705 1542
0.000000135605901 0.000000196286836 1543
0.000000134789228 0.000000195198078 1544
0.000000133977488 0.000000194115398 1545
0.000000133170650 0.000000193038761 1546
0.000000132368687 0.000000191968133 1547
0.000000131571567 0.000000190903481 1548
0.000000130779262 0.000000189844771 1549
0.000000129991742 0.000000188791968 1550
0.000000129208978 0.000000187745041 1551
0.000000128430942 0.000000186703956 1552
0.000000127657605 0.000000185668681 1553
0.000000126888938 0.000000184639181 1554
0.000000126124914 0.000000183615426 1555
0.000000125365503 0.000000182597383 1556
0.000000124610679 0.000000181585020 1557
0.000000123860412 0.000000180578304 1558
0.000000123114676 0.000000179577205 1559
0.000000122373444 0.000000178581690 1560
0.000000121636687 0.000000177591728 1561
0.000000120904379 0.000000176607289 1562
0.000000120176493 0.000000175628340 1563
0.000000119453002 0.000000174654851 1564
0.000000118733879 0.000000173686791 1565
0.000000118019099 0.000000172724131 1566
0.000000117308634 0.000000171766839 1567
0.000000116602458 0.000000170814885 1568
0.000000115900546 0.000000169868240 1569
0.000000115202872 0.000000168926873 1570
0.000000114509409 0.000000167990755 1571
0.000000113820133 0.000000167059857 1572
0.000000113135019 0.000000166134149 1573
0.000000112454040 0.000000165213601 1574
0.000000111777172 0.000000164298186 1575
0.000000111104390 0.000000163387874 1576
0.000000110435669 0.000000162482636 1577
0.000000109770985 0.000000161582444 1578
0.000000109110313 0.000000160687270 1579
0.000000108453629 0.000000159797085 1580
0.000000107800909 0.000000158911862 1581
0.000000107152129 0.000000158031573 1582
0.000000106507264 0.000000157156189 1583
0.000000105866292 0.000000156285684 1584
0.000000105229188 0.000000155420030 1585
0.000000104595929 0.000000154559200 1586
0.000000103966492 0.000000153703166 1587
0.000000103340854 0.000000152851902 1588
0.000000102718992 0.000000152005381 1589
0.000000102100883 0.000000151163577 1590
0.000000101486504 0.000000150326462 1591
0.000000100875832 0.000000149494012 1592
0.000000100268846 0.000000148666198 1593
0.000000099665522 0.000000147842996 1594
0.000000099065839 0.000000147024380 1595
0.000000098469775 0.000000146210324 1596
0.000000097877307 0.000000145400801 1597
0.000000097288414 0.000000144595788 1598
0.000000096703075 0.000000143795258 1599
0.000000096121267 0.000000142999186 1600
0.000000095542970 0.000000142207548 1601
0.000000094968162 0.000000141420319 1602
0.000000094396822 0.000000140637473 1603
0.000000093828929 0.000000139858986 1604
0.000000093264462 0.000000139084834 1605
0.000000092703401 0.000000138314993 1606
0.000000092145724 0.000000137549438 1607
0.000000091591412 0.000000136788145 1608
0.000000091040444 0.000000136031090 1609
0.000000090492799 0.000000135278250 1610
0.000000089948458 0.000000134529601 1611
0.000000089407401 0.000000133785119 1612
0.000000088869607 0.000000133044782 1613
0.000000088335058 0.000000132308566 1614
0.000000087803733 0.000000131576447 1615
0.000000087275612 0.000000130848403 1616
0.000000086750678 0.000000130124411 1617
0.000000086228909 0.000000129404448 1618
0.000000085710288 0.000000128688492 1619
0.000000085194794 0.000000127976520 1620
0.000000084682410 0.000000127268510 1621
0.000000084173116 0.000000126564440 1622
0.000000083666893 0.000000125864287 1623
0.000000083163723 0.000000125168030 1624
0.000000082663588 0.000000124475647 1625
0.000000082166469 0.000000123787116 1626
0.000000081672348 0.000000123102416 1627
0.000000081181207 0.000000122421524 1628
0.000000080693027 0.000000121744421 1629
0.000000080207791 0.000000121071084 1630
0.000000079725482 0.000000120401492 1631
0.000000079246080 0.000000119735625 1632
0.000000078769569 0.000000119073462 1633
0.000000078295932 0.000000118414981 1634
0.000000077825150 0.000000117760163 1635
0.000000077357207 0.000000117108986 1636
0.000000076892086 0.000000116461432 1637
0.000000076429768 0.000000115817478 1638
0.000000075970238 0.000000115177104 1639
0.000000075513479 0.000000114540292 1640
0.000000075059474 0.000000113907021 1641
0.000000074608205 0.000000113277270 1642
0.000000074159657 0.000000112651022 1643
0.000000073713813 0.000000112028255 1644
0.000000073270657 0.000000111408950 1645
0.000000072830173 0.000000110793088 1646
0.000000072392344 0.000000110180650 1647
0.000000071957154 0.000000109571617 1648
0.000000071524587 0.000000108965969 1649
0.000000071094628 0.000000108363687 1650
0.000000070667261 0.000000107764753 1651
0.000000070242469 0.000000107169148 1652
0.000000069820238 0.000000106576853 1653
0.000000069400552 0.000000105987850 1654
0.000000068983396 0.000000105402121 1655
0.000000068568754 0.000000104819646 1656
0.000000068156611 0.000000104240408 1657
0.000000067746952 0.000000103664390 1658
0.000000067339762 0.000000103091572 1659
0.000000066935026 0.000000102521936 1660
0.000000066532729 0.000000101955466 1661
0.000000066132857 0.000000101392143 1662
0.000000065735395 0.000000100831950 1663
0.000000065340327 0.000000100274869 1664
0.000000064947641 0.000000099720883 1665
0.000000064557321 0.000000099169974 1666
0.000000064169353 0.000000098622126 1667
0.000000063783722 0.000000098077321 1668
0.000000063400416 0.000000097535542 1669
0.000000063019419 0.000000096996772 1670
0.000000062640718 0.000000096460995 1671
0.000000062264298 0.000000095928194 1672
0.000000061890147 0.000000095398351 1673
0.000000061518250 0.000000094871451 1674
0.000000061148594 0.000000094347477 1675
0.000000060781165 0.000000093826412 1676
0.000000060415949 0.000000093308241 1677
0.000000060052934 0.000000092792948 1678
0.000000059692106 0.000000092280516 1679
0.000000059333452 0.000000091770929 1680
0.000000058976959 0.000000091264171 1681
0.000000058622613 0.000000090760227 1682
0.000000058270401 0.000000090259080 1683
0.000000057920312 0.000000089760716 1684
0.000000057572331 0.000000089265118 1685
0.000000057226447 0.000000088772272 1686
0.000000056882646 0.000000088282161 1687
0.000000056540916 0.000000087794771 1688
0.000000056201244 0.000000087310086 1689
0.000000055863619 0.000000086828091 1690
0.000000055528027 0.000000086348771 1691
0.000000055194456 0.000000085872112 1692
0.000000054862895 0.000000085398098 1693
0.000000054533330 0.000000084926714 1694
0.000000054205750 0.000000084457946 1695
0.000000053880144 0.000000083991780 1696
0.000000053556498 0.000000083528200 1697
0.000000053234802 0.000000083067193 1698
0.000000052915043 0.000000082608744 1699
0.000000052597209 0.000000082152838 1700
0.000000052281290 0.000000081699461 1701
0.000000051967273 0.000000081248601 1702
0.000000051655147 0.000000080800241 1703
0.000000051344901 0.000000080354369 1704
0.000000051036523 0.000000079910970 1705
0.000000050730001 0.000000079470031 1706
0.000000050425326 0.000000079031538 1707
0.000000050122485 0.000000078595477 1708
0.000000049821468 0.000000078161834 1709
0.000000049522263 0.000000077730597 1710
0.000000049224860 0.000000077301751 1711
0.000000048929247 0.000000076875284 1712
0.000000048635415 0.000000076451182 1713
0.000000048343351 0.000000076029432 1714
0.000000048053046 0.000000075610021 1715
0.000000047764488 0.000000075192935 1716
0.000000047477668 0.000000074778162 1717
0.000000047192575 0.000000074365690 1718
0.000000046909198 0.000000073955504 1719
0.000000046627526 0.000000073547592 1720
0.000000046347551 0.000000073141942 1721
0.000000046069261 0.000000072738541 1722
0.000000045792646 0.000000072337377 1723
0.000000045517696 0.000000071938436 1724
0.000000045244402 0.000000071541707 1725
0.000000044972752 0.000000071147177 1726
0.000000044702738 0.000000070754835 1727
0.000000044434349 0.000000070364666 1728
0.000000044167576 0.000000069976661 1729
0.000000043902408 0.000000069590806 1730
0.000000043638836 0.000000069207090 1731
0.000000043376851 0.000000068825500 1732
0.000000043116442 0.000000068446025 1733
0.000000042857601 0.000000068068653 1734
0.000000042600317 0.000000067693373 1735
0.000000042344583 0.000000067320172 1736
0.000000042090387 0.000000066949038 1737
0.000000041837721 0.000000066579962 1738
0.000000041586575 0.000000066212930 1739
0.000000041336941 0.000000065847932 1740
0.000000041088809 0.000000065484957 1741
0.000000040842171 0.000000065123992 1742
0.000000040597016 0.000000064765027 1743
0.000000040353337 0.000000064408051 1744
0.000000040111124 0.000000064053052 1745
0.000000039870369 0.000000063700020 1746
0.000000039631062 0.000000063348944 1747
0.000000039393195 0.000000062999812 1748
0.000000039156760 0.000000062652614 1749
0.000000038921747 0.000000062307339 1750
0.000000038688148 0.000000061963977 1751
0.000000038455954 0.000000061622516 1752
0.000000038225158 0.000000061282947 1753
0.000000037995750 0.000000060945258 1754
0.000000037767723 0.000000060609438 1755
0.000000037541067 0.000000060275479 1756
0.000000037315775 0.000000059943369 1757
0.000000037091839 0.000000059613098 1758
0.000000036869249 0.000000059284656 1759
0.000000036647999 0.000000058958032 1760
0.000000036428079 0.000000058633217 1761
0.000000036209483 0.000000058310200 1762
0.000000035992202 0.000000057988972 1763
0.000000035776227 0.000000057669522 1764
0.000000035561552 0.000000057351841 1765
0.000000035348168 0.000000057035918 1766
0.000000035136068 0.000000056721744 1767
0.000000034925243 0.000000056409309 1768
0.000000034715687 0.000000056098603 1769
0.000000034507391 0.000000055789618 1770
0.000000034300348 0.000000055482342 1771
0.000000034094550 0.000000055176767 1772
0.000000033889990 0.000000054872884 1773
0.000000033686660 0.000000054570682 1774
0.000000033484553 0.000000054270154 1775
0.000000033283662 0.000000053971287 1776
0.000000033083979 0.000000053674075 1777
0.000000032885496 0.000000053378508 1778
0.000000032688208 0.000000053084576 1779
0.000000032492106 0.000000052792271 1780
0.000000032297183 0.000000052501583 1781
0.000000032103432 0.000000052212503 1782
0.000000031910847 0.000000051925023 1783
0.000000031719419 0.000000051639134 1784
0.000000031529143 0.000000051354826 1785
0.000000031340011 0.000000051072091 1786
0.000000031152016 0.000000050790920 1787
0.000000030965152 0.000000050511305 1788
0.000000030779411 0.000000050233236 1789
0.000000030594787 0.000000049956706 1790
0.000000030411273 0.000000049681705 1791
0.000000030228863 0.000000049408225 1792
0.000000030047549 0.000000049136258 1793
0.000000029867325 0.000000048865795 1794
0.000000029688185 0.000000048596828 1795
0.000000029510122 0.000000048329348 1796
0.000000029333130 0.000000048063348 1797
0.000000029157201 0.000000047798819 1798
0.000000028982330 0.000000047535753 1799
0.000000028808511 0.000000047274141 1800
0.000000028635736 0.000000047013976 1801
0.000000028464000 0.000000046755249 1802
0.000000028293297 0.000000046497954 1803
0.000000028123620 0.000000046242080 1804
0.000000027954962 0.000000045987622 1805
0.000000027787319 0.000000045734570 1806
0.000000027620683 0.000000045482918 1807
0.000000027455049 0.000000045232656 1808
0.000000027290411 0.000000044983779 1809
0.000000027126762 0.000000044736277 1810
0.000000026964096 0.000000044490143 1811
0.000000026802409 0.000000044245370 1812
0.000000026641693 0.000000044001950 1813
0.000000026481943 0.000000043759876 1814
0.000000026323154 0.000000043519139 1815
0.000000026165318 0.000000043279733 1816
0.000000026008432 0.000000043041650 1817
0.000000025852488 0.000000042804883 1818
0.000000025697481 0.000000042569424 1819
0.000000025543406 0.000000042335267 1820
0.000000025390257 0.000000042102404 1821
0.000000025238029 0.000000041870827 1822
0.000000025088670 0.000000041640531 1823
0.000000024942232 0.000000041411506 1824
0.000000024796649 0.000000041183747 1825
0.000000024651916 0.000000040957247 1826
0.000000024508028 0.000000040731998 1827
0.000000024364981 0.000000040507994 1828
0.000000024222770 0.000000040285227 1829
0.000000024081389 0.000000040063691 1830
0.000000023940833 0.000000039843379 1831
0.000000023801099 0.000000039624284 1832
0.000000023662181 0.000000039406399 1833
0.000000023524074 0.000000039189718 1834
0.000000023386774 0.000000038974234 1835
0.000000023250275 0.000000038759940 1836
0.000000023114574 0.000000038546830 1837
0.000000022979666 0.000000038334897 1838
0.000000022845545 0.000000038124135 1839
0.000000022712208 0.000000037914536 1840
0.000000022579649 0.000000037706096 1841
0.000000022447865 0.000000037498806 1842
0.000000022316850 0.000000037292661 1843
0.000000022186601 0.000000037087654 1844
0.000000022057112 0.000000036883780 1845
0.000000021928379 0.000000036681031 1846
0.000000021800399 0.000000036479402 1847
0.000000021673166 0.000000036278886 1848
0.000000021546675 0.000000036079477 1849
0.000000021420924 0.000000035881170 1850
0.000000021295907 0.000000035683957 1851
0.000000021171620 0.000000035487833 1852
0.000000021048059 0.000000035292792 1853
0.000000020925220 0.000000035098828 1854
0.000000020803098 0.000000034905934 1855
0.000000020681689 0.000000034714105 1856
0.000000020560989 0.000000034523336 1857
0.000000020440994 0.000000034333619 1858
0.000000020321700 0.000000034144949 1859
0.000000020203103 0.000000033957321 1860
0.000000020085198 0.000000033770729 1861
0.000000019967982 0.000000033585166 1862
0.000000019851451 0.000000033400628 1863
0.000000019735600 0.000000033217108 1864
0.000000019620425 0.000000033034601 1865
0.000000019505924 0.000000032853101 1866
0.000000019392090 0.000000032672603 1867
0.000000019278922 0.000000032493101 1868
0.000000019166415 0.000000032314589 1869
0.000000019054564 0.000000032137062 1870
0.000000018943367 0.000000031960516 1871
0.000000018832819 0.000000031784943 1872
0.000000018722917 0.000000031610339 1873
0.000000018613657 0.000000031436698 1874
0.000000018505034 0.000000031264015 1875
0.000000018397046 0.000000031092285 1876
0.000000018289689 0.000000030921503 1877
0.000000018182959 0.000000030751663 1878
0.000000018076851 0.000000030582759 1879
0.000000017971364 0.000000030414788 1880
0.000000017866492 0.000000030247743 1881
0.000000017762233 0.000000030081619 1882
0.000000017658583 0.000000029916412 1883
0.000000017555538 0.000000029752116 1884
0.000000017453095 0.000000029588727 1885
0.000000017351250 0.000000029426238 1886
0.000000017250000 0.000000029264646 1887
0.000000017149341 0.000000029103945 1888
0.000000017049270 0.000000028944130 1889
0.000000016949783 0.000000028785197 1890
0.000000016850878 0.000000028627140 1891
0.000000016752549 0.000000028469954 1892
0.000000016654796 0.000000028313636 1893
0.000000016557612 0.000000028158179 1894
0.000000016460997 0.000000028003580 1895
0.000000016364945 0.000000027849834 1896
0.000000016269455 0.000000027696934 1897
0.000000016174522 0.000000027544878 1898
0.000000016080143 0.000000027393660 1899
0.000000015986315 0.000000027243276 1900
0.000000015893036 0.000000027093722 1901
0.000000015800301 0.000000026944991 1902
0.000000015708107 0.000000026797081 1903
0.000000015616452 0.000000026649986 1904
0.000000015525333 0.000000026503702 1905
0.000000015434745 0.000000026358224 1906
0.000000015344686 0.000000026213548 1907
0.000000015255153 0.000000026069670 1908
0.000000015166143 0.000000025926585 1909
0.000000015077653 0.000000025784288 1910
0.000000014989679 0.000000025642776 1911
0.000000014902219 0.000000025502043 1912
0.000000014815270 0.000000025362086 1913
0.000000014728828 0.000000025222901 1914
0.000000014642892 0.000000025084483 1915
0.000000014557457 0.000000024946827 1916
0.000000014472521 0.000000024809930 1917
0.000000014388080 0.000000024673787 1918
0.000000014304133 0.000000024538394 1919
0.000000014220676 0.000000024403748 1920
0.000000014137707 0.000000024269844 1921
0.000000014055221 0.000000024136677 1922
0.000000013973218 0.000000024004245 1923
0.000000013891693 0.000000023872542 1924
0.000000013810644 0.000000023741564 1925
0.000000013730069 0.000000023611308 1926
0.000000013649964 0.000000023481770 1927
0.000000013570327 0.000000023352945 1928
0.000000013491154 0.000000023224831 1929
0.000000013412444 0.000000023097421 1930
0.000000013334194 0.000000022970714 1931
0.000000013256400 0.000000022844705 1932
0.000000013179061 0.000000022719390 1933
0.000000013102173 0.000000022594765 1934
0.000000013025734 0.000000022470826 1935
0.000000012949742 0.000000022347570 1936
0.000000012874193 0.000000022224993 1937
0.000000012799085 0.000000022103091 1938
0.000000012724416 0.000000021981861 1939
0.000000012650183 0.000000021861298 1940
0.000000012576383 0.000000021741398 1941
0.000000012503014 0.000000021622160 1942
0.000000012430074 0.000000021503578 1943
0.000000012357559 0.000000021385648 1944
0.000000012285468 0.000000021268369 1945
0.000000012213797 0.000000021151735 1946
0.000000012142545 0.000000021035743 1947
0.000000012071709 0.000000020920390 1948
0.000000012001287 0.000000020805672 1949
0.000000011931276 0.000000020691586 1950
0.000000011861673 0.000000020578128 1951
0.000000011792477 0.000000020465294 1952
0.000000011723685 0.000000020353082 1953
0.000000011655295 0.000000020241487 1954
0.000000011587303 0.000000020130507 1955
0.000000011519709 0.000000020020138 1956
0.000000011452510 0.000000019910376 1957
0.000000011385702 0.000000019801219 1958
0.000000011319285 0.000000019692662 1959
0.000000011253256 0.000000019584703 1960
0.000000011187612 0.000000019477339 1961
0.000000011122351 0.000000019370565 1962
0.000000011057471 0.000000019264379 1963
0.000000010992971 0.000000019158777 1964
0.000000010928846 0.000000019053756 1965
0.000000010865096 0.000000018949314 1966
0.000000010801718 0.000000018845446 1967
0.000000010738710 0.000000018742150 1968
0.000000010676071 0.000000018639422 1969
0.000000010613796 0.000000018537260 1970
0.000000010551886 0.000000018435659 1971
0.000000010490336 0.000000018334618 1972
0.000000010429146 0.000000018234132 1973
0.000000010368313 0.000000018134200 1974
0.000000010307836 0.000000018034818 1975
0.000000010247711 0.000000017935982 1976
0.000000010187938 0.000000017837690 1977
0.000000010128513 0.000000017739939 1978
0.000000010069435 0.000000017642725 1979
0.000000010010703 0.000000017546047 1980
0.000000009952313 0.000000017449900 1981
0.000000009894264 0.000000017354282 1982
0.000000009836553 0.000000017259191 1983
0.000000009779180 0.000000017164622 1984
0.000000009722142 0.000000017070574 1985
0.000000009665436 0.000000016977043 1986
0.000000009609062 0.000000016884026 1987
0.000000009553017 0.000000016791521 1988
0.000000009497299 0.000000016699525 1989
0.000000009441906 0.000000016608035 1990
0.000000009386836 0.000000016517048 1991
0.000000009332088 0.000000016426562 1992
0.000000009277660 0.000000016336573 1993
0.000000009223549 0.000000016247079 1994
0.000000009169754 0.000000016158077 1995
0.000000009116273 0.000000016069565 1996
0.000000009063105 0.000000015981539 1997
0.000000009010246 0.000000015893997 1998
0.000000008957697 0.000000015806937 1999
0.000000008905454 0.000000015720356 2000
0.000000008853516 0.000000015634250 2001
0.000000008801881 0.000000015548618 2002
0.000000008750547 0.000000015463457 2003
0.000000008699514 0.000000015378764 2004
0.000000008648778 0.000000015294537 2005
0.000000008598338 0.000000015210772 2006
0.000000008548193 0.000000015127469 2007
0.000000008498340 0.000000015044623 2008
0.000000008448778 0.000000014962233 2009
0.000000008399506 0.000000014880295 2010
0.000000008350521 0.000000014798808 2011
0.000000008301823 0.000000014717769 2012
0.000000008253408 0.000000014637176 2013
0.000000008205276 0.000000014557025 2014
0.000000008157425 0.000000014477315 2015
0.000000008109853 0.000000014398043 2016
0.000000008062559 0.000000014319207 2017
0.000000008015541 0.000000014240804 2018
0.000000007968798 0.000000014162832 2019
0.000000007922327 0.000000014085289 2020
0.000000007876128 0.000000014008172 2021
0.000000007830198 0.000000013931478 2022
0.000000007784536 0.000000013855206 2023
0.000000007739141 0.000000013779353 2024
0.000000007694011 0.000000013703917 2025
0.000000007649144 0.000000013628896 2026
0.000000007604539 0.000000013554287 2027
0.000000007560195 0.000000013480088 2028
0.000000007516109 0.000000013406296 2029
0.000000007472280 0.000000013332910 2030
0.000000007428708 0.000000013259927 2031
0.000000007385389 0.000000013187346 2032
0.000000007342324 0.000000013115162 2033
0.000000007299510 0.000000013043376 2034
0.000000007256945 0.000000012971984 2035
0.000000007214629 0.000000012900984 2036
0.000000007172561 0.000000012830374 2037
0.000000007130737 0.000000012760152 2038
0.000000007089158 0.000000012690316 2039
0.000000007047821 0.000000012620863 2040
0.000000007006726 0.000000012551792 2041
0.000000006965871 0.000000012483101 2042
0.000000006925254 0.000000012414786 2043
0.000000006884874 0.000000012346847 2044
0.000000006844729 0.000000012279281 2045
0.000000006804819 0.000000012212086 2046
0.000000006765142 0.000000012145261 2047
0.000000006725697 0.000000012078802 2048
0.000000006686481 0.000000012012708 2049
0.000000006647495 0.000000011946977 2050
0.000000006608736 0.000000011881608 2051
0.000000006570203 0.000000011816597 2052
0.000000006531896 0.000000011751944 2053
0.000000006493811 0.000000011687645 2054
0.000000006455949 0.000000011623700 2055
0.000000006418308 0.000000011560105 2056
0.000000006380887 0.000000011496860 2057
0.000000006343684 0.000000011433961 2058
0.000000006306698 0.000000011371409 2059
0.000000006269928 0.000000011309200 2060
0.000000006233372 0.000000011247332 2061
0.000000006197030 0.000000011185804 2062
0.000000006160900 0.000000011124614 2063
0.000000006124981 0.000000011063760 2064
0.000000006089271 0.000000011003240 2065
0.000000006053770 0.000000010943052 2066
0.000000006018476 0.000000010883194 2067
0.000000005983388 0.000000010823665 2068
0.000000005948505 0.000000010764463 2069
0.000000005913825 0.000000010705587 2070
0.000000005879347 0.000000010647033 2071
0.000000005845071 0.000000010588800 2072
0.000000005810995 0.000000010530887 2073
0.000000005777118 0.000000010473292 2074
0.000000005743438 0.000000010416013 2075
0.000000005709955 0.000000010359049 2076
0.000000005676667 0.000000010302397 2077
0.000000005643574 0.000000010246056 2078
0.000000005610674 0.000000010190025 2079
0.000000005577965 0.000000010134300 2080
0.000000005545448 0.000000010078882 2081
0.000000005513120 0.000000010023768 2082
0.000000005480981 0.000000009968956 2083
0.000000005449029 0.000000009914445 2084
0.000000005417264 0.000000009860233 2085
0.000000005385684 0.000000009806319 2086
0.000000005354289 0.000000009752700 2087
0.000000005323077 0.000000009699376 2088
0.000000005292047 0.000000009646344 2089
0.000000005261198 0.000000009593603 2090
0.000000005230528 0.000000009541152 2091
