-50.000000
-51.097054
-52.202148
-53.403684
-54.744426
-56.238858
-57.879749
-59.635626
-61.436383
-63.122546
-64.227313
-62.254740
-70.920783
-77.471843
-84.346485
-92.369806
-102.168954
-114.439502
-130.038586
-150.532849
-178.369995
-217.948345
-277.231855
-366.384081
-420.913150
0.000000
420.913150
366.384081
277.231855
217.948345
178.369995
150.532849
130.038586
114.439502
102.168954
92.369806
84.346485
77.471843
70.920783
62.254740
64.227313
63.122546
61.436383
59.635626
57.879749
56.238858
54.744426
53.403684
52.202148
51.097054
50.000000
-46.511628
-47.531177
-48.558502
-49.675726
-50.922272
-52.311956
-53.838028
-55.471652
-57.147810
-58.719940
-59.769514
-58.431719
-66.046464
-72.101504
-78.483641
-85.927892
-95.006237
-106.352131
-120.742786
-139.594323
-165.067841
-200.916629
-253.362921
-328.099014
-358.234235
0.000000
358.234235
328.099014
253.362921
200.916629
165.067841
139.594323
120.742786
106.352131
95.006237
85.927892
78.483641
72.101504
66.046464
58.431719
59.769514
58.719940
57.147810
55.471652
53.838028
52.311956
50.922272
49.675726
48.558502
47.531177
46.511628
-40.444894
-41.326222
-42.215708
-43.183507
-44.264122
-45.470008
-46.795908
-48.217607
-49.680322
-51.061305
-52.031825
-51.653651
-57.645648
-62.858339
-68.425766
-74.931263
-82.858099
-92.741316
-105.214720
-121.527170
-143.497405
-174.138478
-217.856748
-275.364028
-276.802033
0.000000
276.802033
275.364028
217.856748
174.138478
143.497405
121.527170
105.214720
92.741316
82.858099
74.931263
68.425766
62.858339
57.645648
51.653651
52.031825
51.061305
49.680322
48.217607
46.795908
45.470008
44.264122
43.183507
42.215708
41.326222
40.444894
-35.169473
-35.930479
-36.699739
-37.537211
-38.473271
-39.518930
-40.670330
-41.907623
-43.185451
-44.404796
-45.329053
-45.608820
-50.334546
-54.808573
-59.658592
-65.338898
-72.250751
-80.842611
-91.619367
-105.675916
-124.501313
-150.407799
-186.062251
-228.127228
-209.922362
0.000000
209.922362
228.127228
186.062251
150.407799
124.501313
105.675916
91.619367
80.842611
72.250751
65.338898
59.658592
54.808573
50.334546
45.608820
45.329053
44.404796
43.185451
41.907623
40.670330
39.518930
38.473271
37.537211
36.699739
35.930479
35.169473
-30.581975
-31.238017
-31.902750
-32.626403
-33.436239
-34.342390
-35.341221
-36.418097
-37.536346
-38.619108
-39.515699
-40.216749
-43.963703
-47.792068
-52.009005
-56.960151
-62.975461
-70.423308
-79.691729
-91.733794
-107.716190
-129.283137
-157.501362
-186.018340
-156.246281
0.000000
156.246281
186.018340
157.501362
129.283137
107.716190
91.733794
79.691729
70.423308
62.975461
56.960151
52.009005
47.792068
43.963703
40.216749
39.515699
38.619108
37.536346
36.418097
35.341221
34.342390
33.436239
32.626403
31.902750
31.238017
30.581975
-26.593092
-27.157831
-27.730327
-28.355441
-29.055038
-29.838619
-30.705160
-31.641989
-32.621474
-33.588860
-34.463843
-35.407715
-38.404473
-41.670233
-45.328573
-49.633602
-54.851589
-61.279146
-69.195886
-79.422383
-92.825909
-110.395794
-131.816317
-148.874472
-114.219421
0.000000
114.219421
148.874472
131.816317
110.395794
92.825909
79.422383
69.195886
61.279146
54.851589
49.633602
45.328573
41.670233
38.404473
35.407715
34.463843
33.588860
32.621474
31.641989
30.705160
29.838619
29.055038
28.355441
27.730327
27.157831
26.593092
-23.124595
-23.609331
-24.101833
-24.640176
-25.243549
-25.919994
-26.670652
-27.485347
-28.344520
-29.213891
-30.065886
-31.120450
-33.543051
-36.321845
-39.483868
-43.213510
-47.720190
-53.233078
-59.935092
-68.518619
-79.554567
-93.450594
-108.773387
-116.670463
-82.126259
0.000000
82.126259
116.670463
108.773387
93.450594
79.554567
68.518619
59.935092
53.233078
47.720190
43.213510
39.483868
36.321845
33.543051
31.120450
30.065886
29.213891
28.344520
27.485347
26.670652
25.919994
25.243549
24.640176
24.101833
23.609331
23.124595
-20.108384
-20.523063
-20.945973
-21.408147
-21.926985
-22.510440
-23.159147
-23.867223
-24.622010
-25.405368
-26.227267
-27.301407
-29.281161
-31.638854
-34.360167
-37.574112
-41.440314
-46.125367
-51.732258
-58.818552
-67.684268
-78.224920
-88.248525
-89.404189
-58.199981
0.000000
58.199981
89.404189
88.248525
78.224920
67.684268
58.818552
51.732258
46.125367
41.440314
37.574112
34.360167
31.638854
29.281161
27.301407
26.227267
25.405368
24.622010
23.867223
23.159147
22.510440
21.926985
21.408147
20.945973
20.523063
20.108384
-17.485422
-17.839141
-18.200688
-18.596489
-19.041195
-19.542806
-20.102314
-20.717056
-21.379938
-22.086165
-22.867256
-23.900814
-25.535677
-27.529240
-29.858029
-32.607713
-35.892423
-39.824952
-44.434294
-50.151496
-57.037016
-64.572676
-70.207493
-66.977821
-40.746564
0.000000
40.746564
66.977821
70.207493
64.572676
57.037016
50.151496
44.434294
39.824952
35.892423
32.607713
29.858029
27.529240
25.535677
23.900814
22.867256
22.086165
21.379938
20.717056
20.102314
19.542806
19.041195
18.596489
18.200688
17.839141
17.485422
-15.204732
-15.504812
-15.812607
-16.149938
-16.529822
-16.959036
-17.440094
-17.972306
-18.553792
-19.189256
-19.918373
-20.874385
-22.234483
-23.912713
-25.888461
-28.216597
-30.971280
-34.217211
-37.917056
-42.387654
-47.482325
-52.419962
-54.665044
-49.109618
-28.250358
0.000000
28.250358
49.109618
54.665044
52.419962
47.482325
42.387654
37.917056
34.217211
30.971280
28.216597
25.888461
23.912713
22.234483
20.874385
19.918373
19.189256
18.553792
17.972306
17.440094
16.959036
16.529822
16.149938
15.812607
15.504812
15.204732
-13.221567
-13.474650
-13.735102
-14.020956
-14.343511
-14.708984
-15.120603
-15.579630
-16.087829
-16.656043
-17.322981
-18.181527
-19.316199
-20.719465
-22.376795
-24.319061
-26.587867
-29.202929
-32.078393
-35.424882
-38.945388
-41.742560
-41.620355
-35.323602
-19.440071
0.000000
19.440071
35.323602
41.620355
41.742560
38.945388
35.424882
32.078393
29.202929
26.587867
24.319061
22.376795
20.719465
19.316199
18.181527
17.322981
16.656043
16.087829
15.579630
15.120603
14.708984
14.343511
14.020956
13.735102
13.474650
13.221567
-11.496962
-11.708860
-11.927470
-12.167903
-12.439799
-12.748905
-13.098822
-13.492226
-13.933651
-14.435982
-15.032962
-15.784481
-16.728156
-17.889438
-19.258310
-20.847185
-22.668310
-24.707618
-26.842833
-29.196740
-31.388750
-32.547197
-30.998097
-25.000384
-13.303853
0.000000
13.303853
25.000384
30.998097
32.547197
31.388750
29.196740
26.842833
24.707618
22.668310
20.847185
19.258310
17.889438
16.728156
15.784481
15.032962
14.435982
13.933651
13.492226
13.098822
12.748905
12.439799
12.167903
11.927470
11.708860
11.496962
-9.997351
-10.172790
-10.354496
-10.554790
-10.781708
-11.040630
-11.335314
-11.669326
-12.048635
-12.485833
-13.007378
-13.649358
-14.426344
-15.372478
-16.478741
-17.743100
-19.154798
-20.674606
-22.159798
-23.670837
-24.805251
-24.828475
-22.623361
-17.468239
-9.069441
0.000000
9.069441
17.468239
22.623361
24.828475
24.805251
23.670837
22.159798
20.674606
19.154798
17.743100
16.478741
15.372478
14.426344
13.649358
13.007378
12.485833
12.048635
11.669326
11.335314
11.040630
10.781708
10.554790
10.354496
10.172790
9.997351
-8.693347
-8.836618
-8.985608
-9.150142
-9.337034
-9.551115
-9.795988
-10.075719
-10.396328
-10.768945
-11.212082
-11.746302
-12.374424
-13.127424
-13.994697
-14.962710
-16.005068
-17.066685
-18.002215
-18.835011
-19.196184
-18.539971
-16.223465
-12.088761
-6.167703
0.000000
6.167703
12.088761
16.223465
18.539971
19.196184
18.835011
18.002215
17.066685
16.005068
14.962710
13.994697
13.127424
12.374424
11.746302
11.212082
10.768945
10.396328
10.075719
9.795988
9.551115
9.337034
9.150142
8.985608
8.836618
8.693347
-7.559436
-7.674216
-7.794080
-7.926786
-8.077946
-8.251613
-8.451343
-8.680915
-8.945783
-9.254469
-9.618884
-10.049271
-10.542584
-11.121586
-11.772740
-12.474808
-13.192041
-13.864938
-14.361125
-14.687400
-14.544450
-13.575837
-11.469191
-8.309744
-4.189104
0.000000
4.189104
8.309744
11.469191
13.575837
14.544450
14.687400
14.361125
13.864938
13.192041
12.474808
11.772740
11.121586
10.542584
10.049271
9.618884
9.254469
8.945783
8.680915
8.451343
8.251613
8.077946
7.926786
7.794080
7.674216
7.559436
-6.573412
-6.662891
-6.756848
-6.861088
-6.980038
-7.117315
-7.275843
-7.458886
-7.670629
-7.916852
-8.204348
-8.536569
-8.907449
-9.330809
-9.789884
-10.259692
-10.702072
-11.063189
-11.234232
-11.220196
-10.801602
-9.774754
-8.021255
-5.688030
-2.844854
0.000000
2.844854
5.688030
8.021255
9.774754
10.801602
11.220196
11.234232
11.063189
10.702072
10.259692
9.789884
9.330809
8.907449
8.536569
8.204348
7.916852
7.670629
7.458886
7.275843
7.117315
6.980038
6.861088
6.756848
6.662891
6.573412
-5.716050
-5.782870
-5.853810
-5.932596
-6.022791
-6.126962
-6.247681
-6.387421
-6.548907
-6.735351
-6.949354
-7.190954
-7.451886
-7.738249
-8.031721
-8.307366
-8.530785
-8.660246
-8.614923
-8.404554
-7.881177
-6.943870
-5.567884
-3.885387
-1.933901
0.000000
1.933901
3.885387
5.567884
6.943870
7.881177
8.404554
8.614923
8.660246
8.530785
8.307366
8.031721
7.738249
7.451886
7.190954
6.949354
6.735351
6.548907
6.387421
6.247681
6.126962
6.022791
5.932596
5.853810
5.782870
5.716050
-4.970426
-5.017392
-5.067554
-5.123590
-5.187856
-5.262222
-5.348532
-5.447988
-5.562445
-5.692877
-5.839305
-5.999053
-6.163585
-6.333255
-6.490462
-6.613327
-6.675629
-6.650157
-6.482149
-6.185719
-5.667048
-4.884025
-3.847517
-2.653497
-1.317285
0.000000
1.317285
2.653497
3.847517
4.884025
5.667048
6.185719
6.482149
6.650157
6.675629
6.613327
6.490462
6.333255
6.163585
5.999053
5.839305
5.692877
5.562445
5.447988
5.348532
5.262222
5.187856
5.123590
5.067554
5.017392
4.970426
-4.322082
-4.351480
-4.383159
-4.418885
-4.459963
-4.507548
-4.562402
-4.625425
-4.696715
-4.776202
-4.862255
-4.950964
-5.034332
-5.109309
-5.161155
-5.173500
-5.129297
-5.014805
-4.795485
-4.486436
-4.029968
-3.412781
-2.653402
-1.814462
-0.899943
0.000000
0.899943
1.814462
2.653402
3.412781
4.029968
4.486436
4.795485
5.014805
5.129297
5.173500
5.161155
5.109309
5.034332
4.950964
4.862255
4.776202
4.696715
4.625425
4.562402
4.507548
4.459963
4.418885
4.383159
4.351480
4.322082
-3.758409
-3.772183
-3.787743
-3.805473
-3.826020
-3.849558
-3.876491
-3.906853
-3.939970
-3.974644
-4.008849
-4.038554
-4.057094
-4.060362
-4.037459
-3.978380
-3.874501
-3.721276
-3.497842
-3.217199
-2.843716
-2.375923
-1.829862
-1.243771
-0.617056
0.000000
0.617056
1.243771
1.829862
2.375923
2.843716
3.217199
3.497842
3.721276
3.874501
3.978380
4.037459
4.060362
4.057094
4.038554
4.008849
3.974644
3.939970
3.906853
3.876491
3.849558
3.826020
3.805473
3.787743
3.772183
3.758409
-3.268187
-3.268694
-3.270182
-3.272353
-3.274831
-3.277544
-3.280123
-3.281910
-3.282130
-3.279140
-3.270950
-3.254458
-3.224576
-3.178211
-3.108526
-3.010692
-2.882183
-2.723977
-2.522631
-2.287693
-1.996499
-1.651281
-1.263373
-0.855127
-0.424715
0.000000
0.424715
0.855127
1.263373
1.651281
1.996499
2.287693
2.522631
2.723977
2.882183
3.010692
3.108526
3.178211
3.224576
3.254458
3.270950
3.279140
3.282130
3.281910
3.280123
3.277544
3.274831
3.272353
3.270182
3.268694
3.268187
-2.841878
-2.831451
-2.821177
-2.810141
-2.797421
-2.782398
-2.764222
-2.742066
-2.714906
-2.681528
-2.640373
-2.589832
-2.527061
-2.450345
-2.356539
-2.244462
-2.114769
-1.970414
-1.802157
-1.615736
-1.396137
-1.146141
-0.872956
-0.589147
-0.293061
0.000000
0.293061
0.589147
0.872956
1.146141
1.396137
1.615736
1.802157
1.970414
2.114769
2.244462
2.356539
2.450345
2.527061
2.589832
2.640373
2.681528
2.714906
2.742066
2.764222
2.782398
2.797421
2.810141
2.821177
2.831451
2.841878
-2.471180
-2.452267
-2.432756
-2.411118
-2.386128
-2.356598
-2.321436
-2.279713
-2.230494
-2.173068
-2.107093
-2.032874
-1.950090
-1.858412
-1.757212
-1.646975
-1.529482
-1.407626
-1.274100
-1.131770
-0.970391
-0.792213
-0.601510
-0.405022
-0.201869
0.000000
0.201869
0.405022
0.601510
0.792213
0.970391
1.131770
1.274100
1.407626
1.529482
1.646975
1.757212
1.858412
1.950090
2.032874
2.107093
2.173068
2.230494
2.279713
2.321436
2.356598
2.386128
2.411118
2.432756
2.452267
2.471180
-2.148851
-2.124175
-2.098144
-2.068904
-2.034747
-1.994110
-1.945554
-1.887955
-1.820588
-1.743198
-1.656850
-1.566073
-1.473007
-1.377945
-1.280802
-1.182169
-1.083319
-0.986193
-0.884683
-0.779623
-0.664079
-0.539655
-0.408719
-0.274625
-0.137130
0.000000
0.137130
0.274625
0.408719
0.539655
0.664079
0.779623
0.884683
0.986193
1.083319
1.182169
1.280802
1.377945
1.473007
1.566073
1.656850
1.743198
1.820588
1.887955
1.945554
1.994110
2.034747
2.068904
2.098144
2.124175
2.148851
-1.868583
-1.841268
-1.811971
-1.778499
-1.738642
-1.690190
-1.631073
-1.559407
-1.473810
-1.373367
-1.260580
-1.158411
-1.065497
-0.978194
-0.894532
-0.813774
-0.736098
-0.662414
-0.588106
-0.513918
-0.434645
-0.351346
-0.265239
-0.177724
-0.088869
0.000000
0.088869
0.177724
0.265239
0.351346
0.434645
0.513918
0.588106
0.662414
0.736098
0.813774
0.894532
0.978194
1.065497
1.158411
1.260580
1.373367
1.473810
1.559407
1.631073
1.690190
1.738642
1.778499
1.811971
1.841268
1.868583
-1.746725
-1.719543
-1.690474
-1.657495
-1.618647
-1.572080
-1.516208
-1.449738
-1.371836
-1.279769
-1.159901
-1.046274
-0.949939
-0.865110
-0.786970
-0.712796
-0.640949
-0.570296
-0.499960
-0.429001
-0.357821
-0.286511
-0.215060
-0.143469
-0.071763
0.000000
0.071763
0.143469
0.215060
0.286511
0.357821
0.429001
0.499960
0.570296
0.640949
0.712796
0.786970
0.865110
0.949939
1.046274
1.159901
1.279769
1.371836
1.449738
1.516208
1.572080
1.618647
1.657495
1.690474
1.719543
1.746725
