-0.000000
-0.000000
-0.000000
-0.000000
-0.000000
-0.000000
-0.000000
-0.000000
-0.000000
-0.000000
-0.000001
3.873607
8.905058
8.510671
7.977446
7.164860
5.811645
3.531267
-0.266908
-6.576816
-17.334264
-36.904780
-76.938503
-174.708663
-441.325812
-795.608243
-441.325812
-174.708663
-76.938503
-36.904780
-17.334264
-6.576816
-0.266908
3.531267
5.811645
7.164860
7.977446
8.510671
8.905058
3.873607
-0.000001
-0.000000
-0.000000
-0.000000
-0.000000
-0.000000
-0.000000
-0.000000
-0.000000
-0.000000
-0.000000
-0.038506
-0.041314
-0.048543
-0.060027
-0.075019
-0.092823
-0.112362
-0.131392
-0.144067
-0.129887
0.058443
3.308217
7.367417
7.160416
6.618654
5.733179
4.274118
1.873153
-2.060614
-8.525438
-19.488137
-39.365761
-79.741260
-174.549040
-419.071670
-707.764173
-419.071670
-174.549040
-79.741260
-39.365761
-19.488137
-8.525438
-2.060614
1.873153
4.274118
5.733179
6.618654
7.160416
7.367417
3.308217
0.058443
-0.129887
-0.144067
-0.131392
-0.112362
-0.092823
-0.075019
-0.060027
-0.048543
-0.041314
-0.038506
-0.071953
-0.077170
-0.090603
-0.111956
-0.139867
-0.173080
-0.209621
-0.245338
-0.269479
-0.244979
0.049716
2.581931
5.579295
5.492729
4.967754
4.066090
2.594191
0.219126
-3.617584
-9.862942
-20.414261
-39.508716
-77.969980
-164.356541
-363.556518
-565.324680
-363.556518
-164.356541
-77.969980
-39.508716
-20.414261
-9.862942
-3.617584
0.219126
2.594191
4.066090
4.967754
5.492729
5.579295
2.581931
0.049716
-0.244979
-0.269479
-0.245338
-0.209621
-0.173080
-0.139867
-0.111956
-0.090603
-0.077170
-0.071953
-0.100995
-0.108265
-0.126975
-0.156768
-0.195801
-0.242333
-0.293647
-0.344081
-0.378975
-0.349420
-0.012154
1.924116
4.088099
4.052011
3.531214
2.611369
1.125844
-1.228528
-4.980277
-11.029650
-21.205409
-39.539613
-75.920893
-153.580293
-311.347154
-449.133397
-311.347154
-153.580293
-75.920893
-39.539613
-21.205409
-11.029650
-4.980277
-1.228528
1.125844
2.611369
3.531214
4.052011
4.088099
1.924116
-0.012154
-0.349420
-0.378975
-0.344081
-0.293647
-0.242333
-0.195801
-0.156768
-0.126975
-0.108265
-0.100995
-0.126183
-0.135183
-0.158356
-0.195334
-0.243879
-0.301876
-0.366058
-0.429573
-0.474940
-0.446658
-0.114456
1.330327
2.846930
2.810095
2.282154
1.342422
-0.156789
-2.493877
-6.168315
-12.035875
-21.851185
-39.398620
-73.451315
-141.945111
-263.007231
-354.930247
-263.007231
-141.945111
-73.451315
-39.398620
-21.851185
-12.035875
-6.168315
-2.493877
-0.156789
1.342422
2.282154
2.810095
2.846930
1.330327
-0.114456
-0.446658
-0.474940
-0.429573
-0.366058
-0.301876
-0.243879
-0.195334
-0.158356
-0.135183
-0.126183
-0.147982
-0.158452
-0.185343
-0.228350
-0.285030
-0.352843
-0.428204
-0.503569
-0.559571
-0.539302
-0.245797
0.796954
1.815524
1.742773
1.198162
0.236999
-1.275539
-3.596176
-7.195215
-12.883505
-22.331259
-39.012893
-70.417046
-129.322378
-219.109180
-279.038100
-219.109180
-129.322378
-70.417046
-39.012893
-22.331259
-12.883505
-7.195215
-3.596176
-1.275539
0.236999
1.198162
1.742773
1.815524
0.796954
-0.245797
-0.539302
-0.559571
-0.503569
-0.428204
-0.352843
-0.285030
-0.228350
-0.185343
-0.158452
-0.147982
-0.166827
-0.178427
-0.208416
-0.256522
-0.319925
-0.396175
-0.481341
-0.567329
-0.634560
-0.629038
-0.396041
0.320577
0.959200
0.828864
0.259689
-0.723099
-2.246883
-4.548810
-8.068430
-13.570177
-22.615317
-38.301560
-66.693221
-115.786496
-180.081503
-218.285802
-180.081503
-115.786496
-66.693221
-38.301560
-22.615317
-13.570177
-8.068430
-4.548810
-2.246883
-0.723099
0.259689
0.828864
0.959200
0.320577
-0.396041
-0.629038
-0.634560
-0.567329
-0.481341
-0.396175
-0.319925
-0.256522
-0.208416
-0.178427
-0.166827
-0.182973
-0.195539
-0.228003
-0.280221
-0.349283
-0.432638
-0.526319
-0.622234
-0.701604
-0.716821
-0.555962
-0.100912
0.249014
0.050315
-0.548416
-1.552726
-3.084202
-5.360899
-8.790300
-14.081587
-22.662406
-37.181931
-62.201075
-101.635072
-146.124531
-169.959635
-146.124531
-101.635072
-62.201075
-37.181931
-22.662406
-14.081587
-8.790300
-5.360899
-3.084202
-1.552726
-0.548416
0.050315
0.249014
-0.100912
-0.555962
-0.716821
-0.701604
-0.622234
-0.526319
-0.432638
-0.349283
-0.280221
-0.228003
-0.195539
-0.182973
-0.196726
-0.210027
-0.244438
-0.299924
-0.373596
-0.462918
-0.563963
-0.669165
-0.761496
-0.802244
-0.717768
-0.470171
-0.338204
-0.608389
-1.239380
-2.262401
-3.794715
-6.035847
-9.355242
-14.397695
-22.427953
-35.580902
-56.943446
-87.352817
-117.179503
-131.754042
-117.179503
-87.352817
-56.943446
-35.580902
-22.427953
-14.397695
-9.355242
-6.035847
-3.794715
-2.262401
-1.239380
-0.608389
-0.338204
-0.470171
-0.717768
-0.802244
-0.761496
-0.669165
-0.563963
-0.462918
-0.373596
-0.299924
-0.244438
-0.210027
-0.196726
-0.208322
-0.222145
-0.257976
-0.315935
-0.393242
-0.487435
-0.594892
-0.708836
-0.814877
-0.884274
-0.874145
-0.789182
-0.821582
-1.159818
-1.822406
-2.859214
-4.382679
-6.571580
-9.751631
-14.493259
-21.863777
-33.458149
-51.034633
-73.506584
-92.959647
-101.718535
-92.959647
-73.506584
-51.034633
-33.458149
-21.863777
-14.493259
-9.751631
-6.571580
-4.382679
-2.859214
-1.822406
-1.159818
-0.821582
-0.789182
-0.874145
-0.884274
-0.814877
-0.708836
-0.594892
-0.487435
-0.393242
-0.315935
-0.257976
-0.222145
-0.208322
-0.217822
-0.231997
-0.268800
-0.328515
-0.408500
-0.506526
-0.619438
-0.741564
-0.861820
-0.961076
-1.019108
-1.059760
-1.215147
-1.613640
-2.303868
-3.346616
-4.847272
-6.960509
-9.963476
-14.339278
-20.937333
-30.821496
-44.696753
-60.622929
-73.027037
-78.221861
-73.027037
-60.622929
-44.696753
-30.821496
-20.937333
-14.339278
-9.963476
-6.960509
-4.847272
-3.346616
-2.303868
-1.613640
-1.215147
-1.059760
-1.019108
-0.961076
-0.861820
-0.741564
-0.619438
-0.506526
-0.408500
-0.328515
-0.268800
-0.231997
-0.217822
-0.225390
-0.239711
-0.277002
-0.337737
-0.419523
-0.520407
-0.637848
-0.767493
-0.901781
-1.030029
-1.147262
-1.283192
-1.529340
-1.977081
-2.687191
-3.724537
-5.183446
-7.191547
-9.972848
-13.912920
-19.637557
-27.743951
-38.228686
-49.089462
-56.861907
-59.918092
-56.861907
-49.089462
-38.228686
-27.743951
-19.637557
-13.912920
-9.972848
-7.191547
-5.183446
-3.724537
-2.687191
-1.977081
-1.529340
-1.283192
-1.147262
-1.030029
-0.901781
-0.767493
-0.637848
-0.520407
-0.419523
-0.337737
-0.277002
-0.239711
-0.225390
-0.230995
-0.245259
-0.282608
-0.343713
-0.426406
-0.529126
-0.650040
-0.786293
-0.933665
-1.088186
-1.254031
-1.459930
-1.770854
-2.254615
-2.973669
-3.989872
-5.383504
-7.252541
-9.763844
-13.204884
-17.992121
-24.363021
-31.947997
-39.111348
-43.918809
-45.712196
-43.918809
-39.111348
-31.947997
-24.363021
-17.992121
-13.204884
-9.763844
-7.252541
-5.383504
-3.989872
-2.973669
-2.254615
-1.770854
-1.459930
-1.254031
-1.088186
-0.933665
-0.786293
-0.650040
-0.529126
-0.426406
-0.343713
-0.282608
-0.245259
-0.230995
-0.234538
-0.248588
-0.285592
-0.346339
-0.429037
-0.532559
-0.655784
-0.797366
-0.955907
-1.132296
-1.335325
-1.590099
-1.943944
-2.448609
-3.161850
-4.137866
-5.439631
-7.133046
-9.331314
-12.229651
-16.070193
-20.859415
-26.126672
-30.724608
-33.671298
-34.725719
-33.671298
-30.724608
-26.126672
-20.859415
-16.070193
-12.229651
-9.331314
-7.133046
-5.439631
-4.137866
-3.161850
-2.448609
-1.943944
-1.590099
-1.335325
-1.132296
-0.955907
-0.797366
-0.655784
-0.532559
-0.429037
-0.346339
-0.285592
-0.248588
-0.234538
-0.235894
-0.249528
-0.285748
-0.345484
-0.427292
-0.530441
-0.654582
-0.799680
-0.966608
-1.159165
-1.387803
-1.673186
-2.050483
-2.559623
-3.249952
-4.164264
-5.346219
-6.831313
-8.686505
-11.029262
-13.977012
-17.423438
-20.950329
-23.840499
-25.636005
-26.258436
-25.636005
-23.840499
-20.950329
-17.423438
-13.977012
-11.029262
-8.686505
-6.831313
-5.346219
-4.164264
-3.249952
-2.559623
-2.050483
-1.673186
-1.387803
-1.159165
-0.966608
-0.799680
-0.654582
-0.530441
-0.427292
-0.345484
-0.285748
-0.249528
-0.235894
-0.234764
-0.247812
-0.282864
-0.340882
-0.420779
-0.522314
-0.645764
-0.792108
-0.963679
-1.165748
-1.408558
-1.708354
-2.091515
-2.588076
-3.236928
-4.067761
-5.105053
-6.358834
-7.861360
-9.673297
-11.836953
-14.217693
-16.508303
-18.297714
-19.387267
-19.756794
-19.387267
-18.297714
-16.508303
-14.217693
-11.836953
-9.673297
-7.861360
-6.358834
-5.105053
-4.067761
-3.236928
-2.588076
-2.091515
-1.708354
-1.408558
-1.165748
-0.963679
-0.792108
-0.645764
-0.522314
-0.420779
-0.340882
-0.282864
-0.247812
-0.234764
-0.230802
-0.243082
-0.276542
-0.332092
-0.409118
-0.507677
-0.628494
-0.773263
-0.945079
-1.149570
-1.395520
-1.695232
-2.068194
-2.535508
-3.124954
-3.853339
-4.728750
-5.743419
-6.907935
-8.247548
-9.768960
-11.355289
-12.807168
-13.902755
-14.562474
-14.782949
-14.562474
-13.902755
-12.807168
-11.355289
-9.768960
-8.247548
-6.907935
-5.743419
-4.728750
-3.853339
-3.124954
-2.535508
-2.068194
-1.695232
-1.395520
-1.149570
-0.945079
-0.773263
-0.628494
-0.507677
-0.409118
-0.332092
-0.276542
-0.243082
-0.230802
-0.223377
-0.234839
-0.266388
-0.318756
-0.391718
-0.485672
-0.601803
-0.741896
-0.909207
-1.108718
-1.347692
-1.634701
-1.983038
-2.406218
-2.921590
-3.534876
-4.242555
-5.027439
-5.890467
-6.838495
-7.867403
-8.892506
-9.795059
-10.460600
-10.859745
-10.991668
-10.859745
-10.460600
-9.795059
-8.892506
-7.867403
-6.838495
-5.890467
-5.027439
-4.242555
-3.534876
-2.921590
-2.406218
-1.983038
-1.634701
-1.347692
-1.108718
-0.909207
-0.741896
-0.601803
-0.485672
-0.391718
-0.318756
-0.266388
-0.234839
-0.223377
-0.212253
-0.222555
-0.251676
-0.300159
-0.368013
-0.455876
-0.564760
-0.696746
-0.854809
-1.042793
-1.265746
-1.529022
-1.841306
-2.209173
-2.641127
-3.135279
-3.681909
-4.261855
-4.874358
-5.518649
-6.190995
-6.836692
-7.389404
-7.791387
-8.032588
-8.111715
-8.032588
-7.791387
-7.389404
-6.836692
-6.190995
-5.518649
-4.874358
-4.261855
-3.681909
-3.135279
-2.641127
-2.209173
-1.841306
-1.529022
-1.265746
-1.042793
-0.854809
-0.696746
-0.564760
-0.455876
-0.368013
-0.300159
-0.251676
-0.222555
-0.212253
-0.196506
-0.205565
-0.231920
-0.275795
-0.337354
-0.417218
-0.516734
-0.637474
-0.781671
-0.952170
-1.151854
-1.383543
-1.651590
-1.957504
-2.303667
-2.683983
-3.087351
-3.497238
-3.914861
-4.337107
-4.763644
-5.161899
-5.496233
-5.737692
-5.883098
-5.930618
-5.883098
-5.737692
-5.496233
-5.161899
-4.763644
-4.337107
-3.914861
-3.497238
-3.087351
-2.683983
-2.303667
-1.957504
-1.651590
-1.383543
-1.151854
-0.952170
-0.781671
-0.637474
-0.516734
-0.417218
-0.337354
-0.275795
-0.231920
-0.205565
-0.196506
-0.175524
-0.183302
-0.206498
-0.244990
-0.299071
-0.369506
-0.457402
-0.563872
-0.690472
-0.838870
-1.010284
-1.205324
-1.425292
-1.668353
-1.933264
-2.213028
-2.497652
-2.775422
-3.050149
-3.318140
-3.581957
-3.823200
-4.023144
-4.167277
-4.254539
-4.283077
-4.254539
-4.167277
-4.023144
-3.823200
-3.581957
-3.318140
-3.050149
-2.775422
-2.497652
-2.213028
-1.933264
-1.668353
-1.425292
-1.205324
-1.010284
-0.838870
-0.690472
-0.563872
-0.457402
-0.369506
-0.299071
-0.244990
-0.206498
-0.183302
-0.175524
-0.149083
-0.155403
-0.175026
-0.207377
-0.252937
-0.312453
-0.386662
-0.476500
-0.582788
-0.706189
-0.846723
-1.003494
-1.175789
-1.360305
-1.554043
-1.750796
-1.943452
-2.124783
-2.299897
-2.465295
-2.624900
-2.768608
-2.886780
-2.972108
-3.024136
-3.041127
-3.024136
-2.972108
-2.886780
-2.768608
-2.624900
-2.465295
-2.299897
-2.124783
-1.943452
-1.750796
-1.554043
-1.360305
-1.175789
-1.003494
-0.846723
-0.706189
-0.582788
-0.476500
-0.386662
-0.312453
-0.252937
-0.207377
-0.175026
-0.155403
-0.149083
-0.117078
-0.121918
-0.137437
-0.162950
-0.198974
-0.246174
-0.305174
-0.376547
-0.460737
-0.557805
-0.667087
-0.787092
-0.916063
-1.050079
-1.185908
-1.319017
-1.444825
-1.559422
-1.668256
-1.767980
-1.862676
-1.946936
-2.015901
-2.065873
-2.096519
-2.106527
-2.096519
-2.065873
-2.015901
-1.946936
-1.862676
-1.767980
-1.668256
-1.559422
-1.444825
-1.319017
-1.185908
-1.050079
-0.916063
-0.787092
-0.667087
-0.557805
-0.460737
-0.376547
-0.305174
-0.246174
-0.198974
-0.162950
-0.137437
-0.121918
-0.117078
-0.080230
-0.083527
-0.094421
-0.112321
-0.137792
-0.171370
-0.213628
-0.265047
-0.325865
-0.396185
-0.475635
-0.563206
-0.656232
-0.750618
-0.843279
-0.931019
-1.011290
-1.082275
-1.148864
-1.208052
-1.263425
-1.312189
-1.351929
-1.380829
-1.398556
-1.404386
-1.398556
-1.380829
-1.351929
-1.312189
-1.263425
-1.208052
-1.148864
-1.082275
-1.011290
-0.931019
-0.843279
-0.750618
-0.656232
-0.563206
-0.475635
-0.396185
-0.325865
-0.265047
-0.213628
-0.171370
-0.137792
-0.112321
-0.094421
-0.083527
-0.080230
-0.040151
-0.041840
-0.047572
-0.057071
-0.070765
-0.089096
-0.112547
-0.141630
-0.176699
-0.218521
-0.270260
-0.334261
-0.403458
-0.471731
-0.536010
-0.594399
-0.645767
-0.689540
-0.729699
-0.764875
-0.797421
-0.825639
-0.848361
-0.864841
-0.874875
-0.878206
-0.874875
-0.864841
-0.848361
-0.825639
-0.797421
-0.764875
-0.729699
-0.689540
-0.645767
-0.594399
-0.536010
-0.471731
-0.403458
-0.334261
-0.270260
-0.218521
-0.176699
-0.141630
-0.112547
-0.089096
-0.070765
-0.057071
-0.047572
-0.041840
-0.040151
-0.000000
-0.000000
-0.000000
-0.000000
-0.000000
-0.000000
-0.000000
-0.000000
-0.000000
-0.006474
-0.061716
-0.155013
-0.241324
-0.316252
-0.382246
-0.440808
-0.492890
-0.539056
-0.579479
-0.613587
-0.642007
-0.665064
-0.682918
-0.695636
-0.703262
-0.705801
-0.703262
-0.695636
-0.682918
-0.665064
-0.642007
-0.613587
-0.579479
-0.539056
-0.492890
-0.440808
-0.382246
-0.316252
-0.241324
-0.155013
-0.061716
-0.006474
-0.000000
-0.000000
-0.000000
-0.000000
-0.000000
-0.000000
-0.000000
-0.000000
-0.000000
