51 26 39 11
4.135192 0.000000
3.614289 0.000000
3.161331 0.000000
2.767454 0.000000
2.424952 0.000000
2.127124 0.000000
1.868143 0.000000
1.642943 0.000000
1.447116 0.000000
1.276832 0.000000
1.128759 0.000000
1.000000 -0.000000
0.888036 -0.014978
0.777479 -0.027940
0.669721 -0.038961
0.566116 -0.047931
0.467968 -0.054611
0.376510 -0.058716
0.292893 -0.060013
0.218169 -0.058391
0.153276 -0.053913
0.099031 -0.046813
0.056117 -0.037461
0.025072 -0.026288
0.006288 -0.013701
0.000000 -0.000000
0.006288 0.013701
0.025072 0.026288
0.056117 0.037461
0.099031 0.046813
0.153276 0.053913
0.218169 0.058391
0.292893 0.060013
0.376510 0.058716
0.467968 0.054611
0.566116 0.047931
0.669721 0.038961
0.777479 0.027940
0.888036 0.014978
1.000000 0.000000
1.128759 0.000000
1.276832 0.000000
1.447116 0.000000
1.642943 0.000000
1.868143 0.000000
2.127124 0.000000
2.424952 0.000000
2.767454 0.000000
3.161331 0.000000
3.614289 0.000000
4.135192 0.000000
4.135192 -0.020000
3.632928 -0.064293
3.197658 -0.088428
2.816264 -0.103556
2.481151 -0.112989
2.186508 -0.118541
1.927425 -0.121395
1.699595 -0.122381
1.499172 -0.122131
1.322676 -0.121198
1.166871 -0.120215
1.028512 -0.120252
0.903472 -0.125401
0.785137 -0.130864
0.672065 -0.134785
0.564556 -0.136442
0.463424 -0.135417
0.369635 -0.131421
0.284176 -0.124273
0.207994 -0.113932
0.141952 -0.100517
0.086815 -0.084293
0.043222 -0.065650
0.011684 -0.045049
-0.007416 -0.022983
-0.013813 -0.000000
-0.007416 0.022983
0.011684 0.045049
0.043222 0.065650
0.086815 0.084293
0.141952 0.100517
0.207994 0.113932
0.284176 0.124273
0.369635 0.131421
0.463424 0.135417
0.564556 0.136442
0.672065 0.134785
0.785137 0.130864
0.903472 0.125401
1.028512 0.120252
1.166871 0.120215
1.322676 0.121198
1.499172 0.122131
1.699595 0.122381
1.927425 0.121395
2.186508 0.118541
2.481151 0.112989
2.816264 0.103556
3.197658 0.088428
3.632928 0.064293
4.135192 0.020000
4.135192 -0.043000
3.649321 -0.127187
3.229130 -0.174514
2.858400 -0.204766
2.529579 -0.224121
2.237517 -0.235922
1.978029 -0.242348
1.747430 -0.244936
1.542360 -0.244840
1.359676 -0.243002
1.196331 -0.240305
1.049178 -0.237739
0.914592 -0.236616
0.788731 -0.235201
0.669944 -0.232037
0.558019 -0.226290
0.453408 -0.217470
0.356842 -0.205286
0.269151 -0.189602
0.191175 -0.170431
0.123705 -0.147941
0.067449 -0.122440
0.023011 -0.094351
-0.009117 -0.064183
-0.028564 -0.032512
-0.035075 -0.000000
-0.028564 0.032512
-0.009117 0.064183
0.023011 0.094351
0.067449 0.122440
0.123705 0.147941
0.191175 0.170431
0.269151 0.189602
0.356842 0.205286
0.453408 0.217470
0.558019 0.226290
0.669944 0.232037
0.788731 0.235201
0.914592 0.236616
1.049178 0.237739
1.196331 0.240305
1.359676 0.243002
1.542360 0.244840
1.747430 0.244936
1.978029 0.242348
2.237517 0.235922
2.529579 0.224121
2.858400 0.204766
3.229130 0.174514
3.649321 0.127187
4.135192 0.043000
4.135192 -0.069450
3.663990 -0.189975
3.256771 -0.259484
2.895122 -0.304704
2.571550 -0.334260
2.281430 -0.352798
2.021166 -0.363340
1.787607 -0.368022
1.577827 -0.368430
1.389025 -0.365804
1.218433 -0.361164
1.063221 -0.355366
0.920438 -0.348959
0.787433 -0.341179
0.662776 -0.331054
0.546080 -0.317867
0.437580 -0.301160
0.337832 -0.280674
0.247537 -0.256318
0.167438 -0.228161
0.098257 -0.196419
0.040654 -0.161447
-0.004799 -0.123715
-0.037633 -0.083787
-0.057491 -0.042306
-0.064137 -0.000000
-0.057491 0.042306
-0.037633 0.083787
-0.004799 0.123715
0.040654 0.161447
0.098257 0.196419
0.167438 0.228161
0.247537 0.256318
0.337832 0.280674
0.437580 0.301160
0.546080 0.317867
0.662776 0.331054
0.787433 0.341179
0.920438 0.348959
1.063221 0.355366
1.218433 0.361164
1.389025 0.365804
1.577827 0.368430
1.787607 0.368022
2.021166 0.363340
2.281430 0.352798
2.571550 0.334260
2.895122 0.304704
3.256771 0.259484
3.663990 0.189975
4.135192 0.069450
4.135192 -0.099867
3.677312 -0.253788
3.281328 -0.344478
2.927374 -0.404404
2.608066 -0.444287
2.319227 -0.469882
2.057766 -0.484933
1.820994 -0.492085
1.606388 -0.493288
1.411490 -0.490020
1.233857 -0.483410
1.071042 -0.474264
0.920666 -0.462951
0.780746 -0.449115
0.650111 -0.432146
0.528354 -0.411504
0.415602 -0.386820
0.312294 -0.357898
0.219032 -0.324707
0.136481 -0.287372
0.065305 -0.246166
0.006120 -0.201495
-0.040531 -0.153882
-0.074201 -0.103947
-0.094549 -0.052393
-0.101357 -0.000000
-0.094549 0.052393
-0.074201 0.103947
-0.040531 0.153882
0.006120 0.201495
0.065305 0.246166
0.136481 0.287372
0.219032 0.324707
0.312294 0.357898
0.415602 0.386820
0.528354 0.411504
0.650111 0.432146
0.780746 0.449115
0.920666 0.462951
1.071042 0.474264
1.233857 0.483410
1.411490 0.490020
1.606388 0.493288
1.820994 0.492085
2.057766 0.484933
2.319227 0.469882
2.608066 0.444287
2.927374 0.404404
3.281328 0.344478
3.677312 0.253788
4.135192 0.099867
4.135192 -0.134848
3.689554 -0.319665
3.303351 -0.430574
2.955862 -0.504875
2.639886 -0.555088
2.351657 -0.587925
2.088528 -0.607748
1.848231 -0.617640
1.628619 -0.619858
1.427573 -0.616085
1.242987 -0.607553
1.072796 -0.595083
0.915085 -0.579052
0.768324 -0.559346
0.631575 -0.535614
0.504484 -0.507496
0.387135 -0.474742
0.279899 -0.437239
0.183311 -0.395027
0.097976 -0.348298
0.024512 -0.297385
-0.036500 -0.242751
-0.084544 -0.184977
-0.119191 -0.124742
-0.140115 -0.062807
-0.147114 -0.000000
-0.140115 0.062807
-0.119191 0.124742
-0.084544 0.184977
-0.036500 0.242751
0.024512 0.297385
0.097976 0.348298
0.183311 0.395027
0.279899 0.437239
0.387135 0.474742
0.504484 0.507496
0.631575 0.535614
0.768324 0.559346
0.915085 0.579052
1.072796 0.595083
1.242987 0.607553
1.427573 0.616085
1.628619 0.619858
1.848231 0.617640
2.088528 0.607748
2.351657 0.587925
2.639886 0.555088
2.955862 0.504875
3.303351 0.430574
3.689554 0.319665
4.135192 0.134848
4.135192 -0.175075
3.700912 -0.388604
3.323241 -0.518815
2.981107 -0.607112
2.667576 -0.667561
2.379275 -0.707706
2.113971 -0.732448
1.869782 -0.745245
1.644917 -0.748626
1.437591 -0.744450
1.246027 -0.734052
1.068516 -0.718310
0.903530 -0.697673
0.749878 -0.672203
0.606832 -0.641751
0.474119 -0.606125
0.351826 -0.565198
0.240293 -0.518957
0.140014 -0.467523
0.051556 -0.411159
-0.024499 -0.350266
-0.087595 -0.285372
-0.137236 -0.217120
-0.173010 -0.146250
-0.194604 -0.073583
-0.201825 -0.000000
-0.194604 0.073583
-0.173010 0.146250
-0.137236 0.217120
-0.087595 0.285372
-0.024499 0.350266
0.051556 0.411159
0.140014 0.467523
0.240293 0.518957
0.351826 0.565198
0.474119 0.606125
0.606832 0.641751
0.749878 0.672203
0.903530 0.697673
1.068516 0.718310
1.246027 0.734052
1.437591 0.744450
1.644917 0.748626
1.869782 0.745245
2.113971 0.732448
2.379275 0.707706
2.667576 0.667561
2.981107 0.607112
3.323241 0.518815
3.700912 0.388604
4.135192 0.175075
4.135192 -0.221336
3.711523 -0.461610
3.341285 -0.610245
3.003485 -0.712113
2.691541 -0.782620
2.402478 -0.830033
2.134455 -0.859729
1.885959 -0.875501
1.655536 -0.880112
1.441721 -0.875584
1.243054 -0.863354
1.058154 -0.844379
0.885814 -0.819196
0.725126 -0.788016
0.575547 -0.750853
0.436898 -0.707667
0.309300 -0.658454
0.193091 -0.603304
0.088746 -0.542427
-0.003188 -0.476166
-0.082149 -0.404994
-0.147599 -0.329512
-0.199055 -0.250428
-0.236115 -0.168549
-0.258476 -0.084760
-0.265951 -0.000000
-0.258476 0.084760
-0.236115 0.168549
-0.199055 0.250428
-0.147599 0.329512
-0.082149 0.404994
-0.003188 0.476166
0.088746 0.542427
0.193091 0.603304
0.309300 0.658454
0.436898 0.707667
0.575547 0.750853
0.725126 0.788016
0.885814 0.819196
1.058154 0.844379
1.243054 0.863354
1.441721 0.875584
1.655536 0.880112
1.885959 0.875501
2.134455 0.859729
2.402478 0.830033
2.691541 0.782620
3.003485 0.712113
3.341285 0.610245
3.711523 0.461610
4.135192 0.221336
4.135192 -0.274536
3.721479 -0.539723
3.357676 -0.705925
3.023252 -0.820896
2.712056 -0.901198
2.421528 -0.955738
2.150210 -0.990317
1.896946 -1.009032
1.660604 -1.014862
1.440026 -1.009974
1.234050 -0.995909
1.041589 -0.973706
0.861719 -0.943998
0.693769 -0.907119
0.537367 -0.863223
0.392436 -0.812403
0.259150 -0.754774
0.137867 -0.690530
0.029065 -0.619972
-0.066714 -0.543529
-0.148914 -0.461754
-0.217001 -0.375321
-0.270501 -0.285016
-0.309016 -0.191716
-0.332248 -0.096375
-0.340013 -0.000000
-0.332248 0.096375
-0.309016 0.191716
-0.270501 0.285016
-0.217001 0.375321
-0.148914 0.461754
-0.066714 0.543529
0.029065 0.619972
0.137867 0.690530
0.259150 0.754774
0.392436 0.812403
0.537367 0.863223
0.693769 0.907119
0.861719 0.943998
1.041589 0.973706
1.234050 0.995909
1.440026 1.009974
1.660604 1.014862
1.896946 1.009032
2.150210 0.990317
2.421528 0.955738
2.712056 0.901198
3.023252 0.820896
3.357676 0.705925
3.721479 0.539723
4.135192 0.274536
4.135192 -0.335717
3.730833 -0.624054
3.372536 -0.806964
3.040563 -0.934516
2.729282 -1.024260
2.436568 -1.085677
2.161350 -1.124961
1.902816 -1.146490
1.660146 -1.153442
1.432471 -1.148123
1.218907 -1.132172
1.018634 -1.106711
0.830976 -1.072460
0.655470 -1.029858
0.491905 -0.979179
0.340309 -0.920631
0.200923 -0.854438
0.074144 -0.780896
-0.039529 -0.700400
-0.139541 -0.613466
-0.225329 -0.520733
-0.296355 -0.422957
-0.352142 -0.321005
-0.392291 -0.215832
-0.416503 -0.108470
-0.424595 -0.000000
-0.416503 0.108470
-0.392291 0.215832
-0.352142 0.321005
-0.296355 0.422957
-0.225329 0.520733
-0.139541 0.613466
-0.039529 0.700400
0.074144 0.780896
0.200923 0.854438
0.340309 0.920631
0.491905 0.979179
0.655470 1.029858
0.830976 1.072460
1.018634 1.106711
1.218907 1.132172
1.432471 1.148123
1.660146 1.153442
1.902816 1.146490
2.161350 1.124961
2.436568 1.085677
2.729282 1.024260
3.040563 0.934516
3.372536 0.806964
3.730833 0.624054
4.135192 0.335717
4.135192 -0.406074
3.739607 -0.715811
3.385917 -0.914542
3.055483 -1.054077
2.743277 -1.152805
2.447637 -1.220734
2.167884 -1.264429
1.903541 -1.288537
1.654090 -1.296429
1.418934 -1.290542
1.197443 -1.272607
0.989039 -1.243818
0.793266 -1.204972
0.609851 -1.156596
0.438730 -1.099058
0.280045 -1.032665
0.134113 -0.957741
0.001386 -0.874677
-0.117598 -0.783963
-0.222256 -0.686204
-0.312004 -0.582129
-0.386289 -0.472583
-0.444622 -0.358520
-0.486594 -0.240982
-0.511903 -0.121087
-0.520360 -0.000000
-0.511903 0.121087
-0.486594 0.240982
-0.444622 0.358520
-0.386289 0.472583
-0.312004 0.582129
-0.222256 0.686204
-0.117598 0.783963
0.001386 0.874677
0.134113 0.957741
0.280045 1.032665
0.438730 1.099058
0.609851 1.156596
0.793266 1.204972
0.989039 1.243818
1.197443 1.272607
1.418934 1.290542
1.654090 1.296429
1.903541 1.288537
2.167884 1.264429
2.447637 1.220734
2.743277 1.152805
3.055483 1.054077
3.385917 0.914542
3.739607 0.715811
4.135192 0.406074
4.135192 -0.486986
3.747788 -0.816331
3.397810 -1.029929
3.067997 -1.180745
2.754009 -1.287874
2.454680 -1.361816
2.169727 -1.409500
1.899006 -1.435845
1.642283 -1.444408
1.399214 -1.437751
1.169404 -1.417685
0.952490 -1.385464
0.748215 -1.341945
0.556477 -1.287716
0.377358 -1.223220
0.211113 -1.148847
0.058149 -1.065006
-0.081012 -0.972176
-0.205779 -0.870938
-0.315525 -0.761990
-0.409632 -0.646156
-0.487519 -0.524375
-0.548673 -0.397696
-0.592672 -0.267257
-0.619202 -0.134272
-0.628066 -0.000000
-0.619202 0.134272
-0.592672 0.267257
-0.548673 0.397696
-0.487519 0.524375
-0.409632 0.646156
-0.315525 0.761990
-0.205779 0.870938
-0.081012 0.972176
0.058149 1.065006
0.211113 1.148847
0.377358 1.223220
0.556477 1.287716
0.748215 1.341945
0.952490 1.385464
1.169404 1.417685
1.399214 1.437751
1.642283 1.444408
1.899006 1.435845
2.169727 1.409500
2.454680 1.361816
2.754009 1.287874
3.067997 1.180745
3.397810 1.029929
3.747788 0.816331
4.135192 0.486986
4.135192 -0.580033
3.755332 -0.927107
3.408148 -1.154509
3.078014 -1.315760
2.761360 -1.430544
2.457550 -1.509840
2.166708 -1.560953
1.889012 -1.589077
1.624495 -1.597956
1.373043 -1.590264
1.134472 -1.567880
0.908612 -1.532097
0.695387 -1.483803
0.494856 -1.423627
0.307240 -1.352061
0.132915 -1.269555
-0.027614 -1.176589
-0.173740 -1.073725
-0.304800 -0.961630
-0.420111 -0.841099
-0.519005 -0.713051
-0.600860 -0.578528
-0.665134 -0.438683
-0.711378 -0.294759
-0.739260 -0.148076
-0.748577 -0.000000
-0.739260 0.148076
-0.711378 0.294759
-0.665134 0.438683
-0.600860 0.578528
-0.519005 0.713051
-0.420111 0.841099
-0.304800 0.961630
-0.173740 1.073725
-0.027614 1.176589
0.132915 1.269555
0.307240 1.352061
0.494856 1.423627
0.695387 1.483803
0.908612 1.532097
1.134472 1.567880
1.373043 1.590264
1.624495 1.597956
1.889012 1.589077
2.166708 1.560953
2.457550 1.509840
2.761360 1.430544
3.078014 1.315760
3.408148 1.154509
3.755332 0.927107
4.135192 0.580033
4.135192 -0.687038
3.762162 -1.049818
3.416804 -1.289792
3.085364 -1.460432
2.765129 -1.581922
2.456023 -1.665726
2.158580 -1.719549
1.873289 -1.748874
1.600426 -1.757628
1.340084 -1.748585
1.092264 -1.723666
0.856969 -1.684173
0.634286 -1.630997
0.424428 -1.564772
0.227755 -1.486011
0.044769 -1.395205
-0.123911 -1.292891
-0.277582 -1.179700
-0.415493 -1.056386
-0.536886 -0.923838
-0.641030 -0.783079
-0.727252 -0.635261
-0.794964 -0.481648
-0.843687 -0.323601
-0.873066 -0.162557
-0.882884 -0.000000
-0.873066 0.162557
-0.843687 0.323601
-0.794964 0.481648
-0.727252 0.635261
-0.641030 0.783079
-0.536886 0.923838
-0.415493 1.056386
-0.277582 1.179700
-0.123911 1.292891
0.044769 1.395205
0.227755 1.486011
0.424428 1.564772
0.634286 1.630997
0.856969 1.684173
1.092264 1.723666
1.340084 1.748585
1.600426 1.757628
1.873289 1.748874
2.158580 1.719549
2.456023 1.665726
2.765129 1.581922
3.085364 1.460432
3.416804 1.289792
3.762162 1.049818
4.135192 0.687038
4.135192 -0.810094
3.768163 -1.186358
3.423590 -1.437427
3.089806 -1.616143
2.765036 -1.743126
2.449797 -1.830366
2.145028 -1.886005
1.851506 -1.915830
1.569724 -1.923944
1.299949 -1.913196
1.042341 -1.885510
0.797061 -1.842163
0.564346 -1.784002
0.344557 -1.711631
0.138197 -1.625553
-0.054098 -1.526272
-0.231583 -1.414366
-0.393438 -1.290530
-0.538811 -1.155599
-0.666852 -1.010560
-0.776751 -0.856545
-0.867770 -0.694823
-0.939268 -0.526782
-0.990725 -0.353912
-1.021755 -0.177779
-1.032125 -0.000000
-1.021755 0.177779
-0.990725 0.353912
-0.939268 0.526782
-0.867770 0.694823
-0.776751 0.856545
-0.666852 1.010560
-0.538811 1.155599
-0.393438 1.290530
-0.231583 1.414366
-0.054098 1.526272
0.138197 1.625553
0.344557 1.711631
0.564346 1.784002
0.797061 1.842163
1.042341 1.885510
1.299949 1.913196
1.569724 1.923944
1.851506 1.915830
2.145028 1.886005
2.449797 1.830366
2.765036 1.743126
3.089806 1.616143
3.423590 1.437427
3.768163 1.186358
4.135192 0.810094
4.135192 -0.951608
3.773180 -1.338858
3.428251 -1.599199
3.091021 -1.784312
2.760730 -1.915246
2.438506 -2.004586
2.125680 -2.060958
1.823284 -2.090465
1.531986 -2.097365
1.252197 -2.084540
0.984211 -2.053872
0.728326 -2.006550
0.484926 -1.943330
0.254519 -1.864739
0.037757 -1.771231
-0.164576 -1.663298
-0.351593 -1.541541
-0.522345 -1.406712
-0.675854 -1.259727
-0.811165 -1.101673
-0.927373 -0.933799
-1.023661 -0.757502
-1.099323 -0.574306
-1.153788 -0.385841
-1.186639 -0.193817
-1.197618 -0.000000
-1.186639 0.193817
-1.153788 0.385841
-1.099323 0.574306
-1.023661 0.757502
-0.927373 0.933799
-0.811165 1.101673
-0.675854 1.259727
-0.522345 1.406712
-0.351593 1.541541
-0.164576 1.663298
0.037757 1.771231
0.254519 1.864739
0.484926 1.943330
0.728326 2.006550
0.984211 2.053872
1.252197 2.084540
1.531986 2.097365
1.823284 2.090465
2.125680 2.060958
2.438506 2.004586
2.760730 1.915246
3.091021 1.784312
3.428251 1.599199
3.773180 1.338858
4.135192 0.951608
4.135192 -1.114349
3.777011 -1.509709
3.430467 -1.777013
3.088620 -1.966357
2.751795 -2.099288
2.421735 -2.189086
2.100128 -2.244917
1.788210 -2.273189
1.486780 -2.278272
1.196348 -2.263019
0.917321 -2.229198
0.650129 -2.177842
0.395297 -2.109547
0.153486 -2.024704
-0.074491 -1.923676
-0.287689 -1.806915
-0.485061 -1.675033
-0.665503 -1.528829
-0.827900 -1.369305
-0.971168 -1.197654
-1.094293 -1.015253
-1.196366 -0.823635
-1.276605 -0.624476
-1.334382 -0.419560
-1.369235 -0.210759
-1.380885 -0.000000
-1.369235 0.210759
-1.334382 0.419560
-1.276605 0.624476
-1.196366 0.823635
-1.094293 1.015253
-0.971168 1.197654
-0.827900 1.369305
-0.665503 1.528829
-0.485061 1.675033
-0.287689 1.806915
-0.074491 1.923676
0.153486 2.024704
0.395297 2.109547
0.650129 2.177842
0.917321 2.229198
1.196348 2.263019
1.486780 2.278272
1.788210 2.273189
2.100128 2.244917
2.421735 2.189086
2.751795 2.099288
3.088620 1.966357
3.430467 1.777013
3.777011 1.509709
4.135192 1.114349
4.135192 -1.301502
3.779408 -1.701563
3.429845 -1.972836
3.082150 -2.163606
2.737771 -2.296078
2.399041 -2.384367
2.067946 -2.438203
1.745860 -2.464260
1.433651 -2.466940
1.131885 -2.448977
0.841064 -2.411932
0.561751 -2.356588
0.294621 -2.283292
0.040500 -2.192231
-0.199627 -2.083630
-0.424632 -1.957875
-0.633287 -1.815573
-0.824313 -1.657574
-0.996435 -1.484969
-1.148423 -1.299069
-1.279138 -1.101388
-1.387565 -0.893617
-1.472835 -0.677592
-1.534253 -0.455273
-1.571310 -0.228706
-1.583697 -0.000000
-1.571310 0.228706
-1.534253 0.455273
-1.472835 0.677592
-1.387565 0.893617
-1.279138 1.101388
-1.148423 1.299069
-0.996435 1.484969
-0.824313 1.657574
-0.633287 1.815573
-0.424632 1.957875
-0.199627 2.083630
0.040500 2.192231
0.294621 2.283292
0.561751 2.356588
0.841064 2.411932
1.131885 2.448977
1.433651 2.466940
1.745860 2.464260
2.067946 2.438203
2.399041 2.384367
2.737771 2.296078
3.082150 2.163606
3.429845 1.972836
3.779408 1.701563
4.135192 1.301502
4.135192 -1.516727
3.780065 -1.917300
3.425930 -2.188596
3.071106 -2.377160
2.718173 -2.506144
2.369983 -2.590627
2.028722 -2.640882
1.695820 -2.663741
1.372142 -2.663520
1.058254 -2.642705
0.754755 -2.602529
0.462363 -2.543406
0.181922 -2.465322
-0.085565 -2.368174
-0.338920 -2.251997
-0.576812 -2.117087
-0.797805 -1.964045
-1.000422 -1.793778
-1.183206 -1.607477
-1.344763 -1.406588
-1.483814 -1.192780
-1.599222 -0.967914
-1.690023 -0.734011
-1.755444 -0.493218
-1.794925 -0.247779
-1.808124 -0.000000
-1.794925 0.247779
-1.755444 0.493218
-1.690023 0.734011
-1.599222 0.967914
-1.483814 1.192780
-1.344763 1.406588
-1.183206 1.607477
-1.000422 1.793778
-0.797805 1.964045
-0.576812 2.117087
-0.338920 2.251997
-0.085565 2.368174
0.181922 2.465322
0.462363 2.543406
0.754755 2.602529
1.058254 2.642705
1.372142 2.663520
1.695820 2.663741
2.028722 2.640882
2.369983 2.590627
2.718173 2.506144
3.071106 2.377160
3.425930 2.188596
3.780065 1.917300
4.135192 1.516727
4.135192 -1.764236
3.778622 -2.159949
3.418210 -2.425995
3.054966 -2.607690
2.692537 -2.729540
2.334161 -2.807650
1.982093 -2.852693
1.637713 -2.871471
1.301801 -2.868030
0.974852 -2.844450
0.657603 -2.801493
0.350985 -2.739043
0.056037 -2.656577
-0.226049 -2.553596
-0.493882 -2.429896
-0.745899 -2.285671
-0.980432 -2.121528
-1.195778 -1.938447
-1.390275 -1.737742
-1.562349 -1.521015
-1.710562 -1.290112
-1.833645 -1.047083
-1.930526 -0.794153
-2.000350 -0.533679
-2.042497 -0.268119
-2.056587 -0.000000
-2.042497 0.268119
-2.000350 0.533679
-1.930526 0.794153
-1.833645 1.047083
-1.710562 1.290112
-1.562349 1.521015
-1.390275 1.737742
-1.195778 1.938447
-0.980432 2.121528
-0.745899 2.285671
-0.493882 2.429896
-0.226049 2.553596
0.056037 2.656577
0.350985 2.739043
0.657603 2.801493
0.974852 2.844450
1.301801 2.868030
1.637713 2.871471
1.982093 2.852693
2.334161 2.807650
2.692537 2.729540
3.054966 2.607690
3.418210 2.425995
3.778622 2.159949
4.135192 1.764236
4.135192 -2.048872
3.774668 -2.432497
3.406142 -2.686188
3.033237 -2.855147
2.660478 -2.965655
2.291270 -3.034696
1.927777 -3.073000
1.571215 -3.087038
1.222191 -3.080364
0.880992 -3.054452
0.548643 -3.009445
0.226410 -2.944473
-0.084459 -2.858286
-0.382583 -2.749871
-0.666340 -2.618748
-0.933905 -2.465028
-1.183344 -2.289351
-1.412704 -2.092809
-1.620094 -1.876871
-1.803740 -1.643320
-1.962033 -1.394204
-2.093559 -1.131789
-2.197127 -0.858522
-2.271793 -0.576993
-2.316870 -0.289897
-2.331942 -0.000000
-2.316870 0.289897
-2.271793 0.576993
-2.197127 0.858522
-2.093559 1.131789
-1.962033 1.394204
-1.803740 1.643320
-1.620094 1.876871
-1.412704 2.092809
-1.183344 2.289351
-0.933905 2.465028
-0.666340 2.618748
-0.382583 2.749871
-0.084459 2.858286
0.226410 2.944473
0.548643 3.009445
0.880992 3.054452
1.222191 3.080364
1.571215 3.087038
1.927777 3.073000
2.291270 3.034696
2.660478 2.965655
3.033237 2.855147
3.406142 2.686188
3.774668 2.432497
4.135192 2.048872
4.135192 -2.376202
3.767746 -2.737518
3.389208 -2.969291
3.005531 -3.118402
2.621754 -3.213032
2.241148 -3.270425
1.865603 -3.300769
1.496073 -3.309798
1.132890 -3.300329
0.775809 -3.273010
0.426615 -3.227254
0.087099 -3.161065
-0.241341 -3.072138
-0.557173 -2.958824
-0.858523 -2.820389
-1.143266 -2.656922
-1.409164 -2.469163
-1.653984 -2.258369
-1.875588 -2.026204
-2.071984 -1.774669
-2.241376 -1.506040
-2.382193 -1.222825
-2.493120 -0.927718
-2.573113 -0.623563
-2.621413 -0.313314
-2.637565 -0.000000
-2.621413 0.313314
-2.573113 0.623563
-2.493120 0.927718
-2.382193 1.222825
-2.241376 1.506040
-2.071984 1.774669
-1.875588 2.026204
-1.653984 2.258369
-1.409164 2.469163
-1.143266 2.656922
-0.858523 2.820389
-0.557173 2.958824
-0.241341 3.072138
0.087099 3.161065
0.426615 3.227254
0.775809 3.273010
1.132890 3.300329
1.496073 3.309798
1.865603 3.300769
2.241148 3.270425
2.621754 3.213032
3.005531 3.118402
3.389208 2.969291
3.767746 2.737518
4.135192 2.376202
4.135192 -2.752633
3.757383 -3.076453
3.366993 -3.273660
2.971668 -3.394889
2.576347 -3.469255
2.183811 -3.512903
1.795524 -3.534606
1.412100 -3.538922
1.033493 -3.527725
0.658041 -3.500601
0.289743 -3.456292
-0.068968 -3.390885
-0.416855 -3.300531
-0.752315 -3.182918
-1.073178 -3.037199
-1.376957 -2.863579
-1.661070 -2.663005
-1.922979 -2.436965
-2.160272 -2.187369
-2.370728 -1.916470
-2.552349 -1.626804
-2.703400 -1.321145
-2.822428 -1.002459
-2.908281 -0.673868
-2.960129 -0.338611
-2.977467 -0.000000
-2.960129 0.338611
-2.908281 0.673868
-2.822428 1.002459
-2.703400 1.321145
-2.552349 1.626804
-2.370728 1.916470
-2.160272 2.187369
-1.922979 2.436965
-1.661070 2.663005
-1.376957 2.863579
-1.073178 3.037199
-0.752315 3.182918
-0.416855 3.300531
-0.068968 3.390885
0.289743 3.456292
0.658041 3.500601
1.033493 3.527725
1.412100 3.538922
1.795524 3.534606
2.183811 3.512903
2.576347 3.469255
2.971668 3.394889
3.366993 3.273660
3.757383 3.076453
4.135192 2.752633
4.135192 -3.185528
3.743140 -3.448235
3.339334 -3.595016
2.931798 -3.680415
2.524518 -3.731032
2.119464 -3.759720
1.717586 -3.772868
1.319145 -3.773497
0.923653 -3.762480
0.525468 -3.738090
0.135411 -3.698962
-0.244421 -3.637217
-0.613822 -3.546928
-0.971115 -3.425468
-1.313692 -3.272237
-1.638622 -3.087785
-1.942931 -2.873387
-2.223750 -2.630836
-2.478381 -2.362335
-2.704354 -2.070421
-2.899462 -1.757918
-3.061791 -1.427892
-3.189740 -1.083606
-3.282047 -0.728486
-3.337799 -0.366076
-3.356445 -0.000000
-3.337799 0.366076
-3.282047 0.728486
-3.189740 1.083606
-3.061791 1.427892
-2.899462 1.757918
-2.704354 2.070421
-2.478381 2.362335
-2.223750 2.630836
-1.942931 2.873387
-1.638622 3.087785
-1.313692 3.272237
-0.971115 3.425468
-0.613822 3.546928
-0.244421 3.637217
0.135411 3.698962
0.525468 3.738090
0.923653 3.762480
1.319145 3.773497
1.717586 3.772868
2.119464 3.759720
2.524518 3.731032
2.931798 3.680415
3.339334 3.595016
3.743140 3.448235
4.135192 3.185528
4.135192 -3.683357
3.724734 -3.846661
3.306529 -3.925801
2.886496 -3.969418
2.466805 -3.994520
2.048447 -4.008230
1.631864 -4.013823
1.217042 -4.012676
0.803237 -4.004866
0.373370 -3.987166
-0.040026 -3.959929
-0.442456 -3.905365
-0.835727 -3.816215
-1.217432 -3.690801
-1.584255 -3.529344
-1.932728 -3.332964
-2.259459 -3.103364
-2.561227 -2.842693
-2.835035 -2.553476
-3.078152 -2.238564
-3.288145 -1.901092
-3.462912 -1.544440
-3.600697 -1.172195
-3.700117 -0.788107
-3.760171 -0.396055
-3.780257 -0.000000
-3.760171 0.396055
-3.700117 0.788107
-3.600697 1.172195
-3.462912 1.544440
-3.288145 1.901092
-3.078152 2.238564
-2.835035 2.553476
-2.561227 2.842693
-2.259459 3.103364
-1.932728 3.332964
-1.584255 3.529344
-1.217432 3.690801
-0.835727 3.816215
-0.442456 3.905365
-0.040026 3.959929
0.373370 3.987166
0.803237 4.004866
1.217042 4.012676
1.631864 4.013823
2.048447 4.008230
2.466805 3.994520
2.886496 3.969418
3.306529 3.925801
3.724734 3.846661
4.135192 3.683357
4.135192 -4.255860
3.702381 -4.255860
3.269569 -4.255860
2.836758 -4.255860
2.403947 -4.255860
1.971136 -4.255860
1.538324 -4.255860
1.105513 -4.255860
0.672702 -4.255860
0.189997 -4.251617
-0.239510 -4.249115
-0.666578 -4.203335
-1.086856 -4.114741
-1.496064 -3.984236
-1.890034 -3.813151
-2.264753 -3.603226
-2.616405 -3.356602
-2.941407 -3.075788
-3.236449 -2.763647
-3.498527 -2.423356
-3.724971 -2.058382
-3.913474 -1.672443
-4.062117 -1.269469
-4.169385 -0.853565
-4.234186 -0.428967
-4.255860 -0.000000
-4.234186 0.428967
-4.169385 0.853565
-4.062117 1.269469
-3.913474 1.672443
-3.724971 2.058382
-3.498527 2.423356
-3.236449 2.763647
-2.941407 3.075788
-2.616405 3.356602
-2.264753 3.603226
-1.890034 3.813151
-1.496064 3.984236
-1.086856 4.114741
-0.666578 4.203335
-0.239510 4.249115
0.189997 4.251617
0.672702 4.255860
1.105513 4.255860
1.538324 4.255860
1.971136 4.255860
2.403947 4.255860
2.836758 4.255860
3.269569 4.255860
3.702381 4.255860
4.135192 4.255860
