95.987714
104.937165
123.286920
145.043819
170.988164
202.003763
239.083601
283.291180
335.617069
396.548223
464.019892
517.229192
637.430024
709.725332
798.119680
915.672189
1077.697474
1307.319741
1642.513137
2156.368479
2994.345122
4486.412412
7496.906520
14705.683144
33576.218200
58071.051085
33576.218200
14705.683144
7496.906520
4486.412412
2994.345122
2156.368479
1642.513137
1307.319741
1077.697474
915.672189
798.119680
709.725332
637.430024
517.229192
464.019892
396.548223
335.617069
283.291180
239.083601
202.003763
170.988164
145.043819
123.286920
104.937165
95.987714
89.674799
97.935790
114.853890
134.953546
158.938393
187.615731
221.884389
262.730727
311.059276
367.275082
429.573109
482.338725
589.490043
656.557508
738.919922
848.498739
999.723645
1215.307091
1528.418711
2003.722289
2777.809226
4153.448407
6916.880758
13597.921537
30159.347279
48619.526624
30159.347279
13597.921537
6916.880758
4153.448407
2777.809226
2003.722289
1528.418711
1215.307091
999.723645
848.498739
738.919922
656.557508
589.490043
482.338725
429.573109
367.275082
311.059276
262.730727
221.884389
187.615731
158.938393
134.953546
114.853890
97.935790
89.674799
78.363353
85.473939
100.025370
117.354459
138.044976
162.791142
192.365973
227.597210
269.277335
317.762804
371.710325
423.180724
510.384641
568.473046
640.570739
736.703945
869.673042
1060.373375
1335.271487
1748.454008
2421.792894
3618.627304
6019.081640
11818.982333
24660.522344
36447.869514
24660.522344
11818.982333
6019.081640
3618.627304
2421.792894
1748.454008
1335.271487
1060.373375
869.673042
736.703945
640.570739
568.473046
510.384641
423.180724
371.710325
317.762804
269.277335
227.597210
192.365973
162.791142
138.044976
117.354459
100.025370
85.473939
78.363353
68.527090
74.637472
87.130351
102.049047
119.880568
141.207118
166.688511
197.045435
232.950080
274.722651
321.541940
370.371313
441.548533
491.823570
554.930094
639.305088
756.310819
925.131436
1166.204621
1524.443040
2108.417453
3145.428790
5216.335438
10168.456082
19831.976319
27104.232623
19831.976319
10168.456082
5216.335438
3145.428790
2108.417453
1524.443040
1166.204621
925.131436
756.310819
639.305088
554.930094
491.823570
441.548533
370.371313
321.541940
274.722651
232.950080
197.045435
166.688511
141.207118
119.880568
102.049047
87.130351
74.637472
68.527090
59.972888
65.213025
75.919162
88.741899
104.081677
122.432763
144.355938
170.468775
201.348244
237.312861
278.007436
323.259781
381.597894
425.082881
480.301848
554.364797
657.394773
806.871125
1017.865315
1327.349597
1831.601175
2724.615398
4493.177181
8631.164524
15671.470110
19995.619667
15671.470110
8631.164524
4493.177181
2724.615398
1831.601175
1327.349597
1017.865315
806.871125
657.394773
554.364797
480.301848
425.082881
381.597894
323.259781
278.007436
237.312861
201.348244
170.468775
144.355938
122.432763
104.081677
88.741899
75.919162
65.213025
59.972888
52.531641
57.017733
66.170321
77.171312
90.342458
106.102297
124.931991
147.350233
173.860651
204.785147
240.153605
281.261385
329.346813
366.938174
415.235614
480.240752
570.966279
703.202157
887.257562
1153.221766
1586.043790
2348.222160
3837.179828
7203.325208
12163.677024
14634.916548
12163.677024
7203.325208
3837.179828
2348.222160
1586.043790
1153.221766
887.257562
703.202157
570.966279
480.240752
415.235614
366.938174
329.346813
281.261385
240.153605
204.785147
173.860651
147.350233
124.931991
106.102297
90.342458
77.171312
66.170321
57.017733
52.531641
46.059426
49.888706
57.693014
67.108357
78.393680
91.898579
108.033020
127.232251
149.943238
176.497652
207.188762
243.877298
283.744949
316.239490
358.439179
415.454600
495.289884
612.057372
771.877009
998.850084
1367.054374
2009.646967
3239.461379
5891.932831
9273.636597
10626.161705
9273.636597
5891.932831
3239.461379
2009.646967
1367.054374
998.850084
771.877009
612.057372
495.289884
415.454600
358.439179
316.239490
283.744949
243.877298
207.188762
176.497652
149.943238
127.232251
108.033020
91.898579
78.393680
67.108357
57.693014
49.888706
46.059426
40.426989
43.686075
50.320656
58.355085
68.000139
79.543596
93.327208
109.731838
129.137544
151.868776
178.421638
210.671198
243.891794
271.975020
308.792981
358.721571
428.837823
531.545205
669.456589
861.311802
1170.817688
1703.608232
2694.699492
4711.161829
6947.492776
7652.495738
6947.492776
4711.161829
2694.699492
1703.608232
1170.817688
861.311802
669.456589
531.545205
428.837823
358.721571
308.792981
271.975020
243.891794
210.671198
178.421638
151.868776
129.137544
109.731838
93.327208
79.543596
68.000139
58.355085
50.320656
43.686075
40.426989
35.522868
38.287580
43.908395
50.744224
58.959284
68.794530
80.531666
94.494875
111.021360
130.424975
153.270925
181.218476
209.026128
233.277883
265.335126
308.944604
370.288376
460.119488
578.037147
738.097279
994.149060
1426.356929
2201.227576
3676.635560
5116.986500
5464.115921
5116.986500
3676.635560
2201.227576
1426.356929
994.149060
738.097279
578.037147
460.119488
370.288376
308.944604
265.335126
233.277883
209.026128
181.218476
153.270925
130.424975
111.021360
94.494875
80.531666
68.794530
58.959284
50.744224
43.908395
38.287580
35.522868
31.251375
33.587097
38.329411
44.121896
51.093663
59.439693
69.395357
81.232597
95.240448
111.721334
131.253058
155.167583
178.488434
199.401392
227.204368
265.122564
318.485483
396.415644
496.001148
627.278031
834.606808
1175.787470
1760.455357
2799.003276
3706.739301
3866.052011
3706.739301
2799.003276
1760.455357
1175.787470
834.606808
627.278031
496.001148
396.415644
318.485483
265.122564
227.204368
199.401392
178.488434
155.167583
131.253058
111.721334
95.240448
81.232597
69.395357
59.439693
51.093663
44.121896
38.329411
33.587097
31.251375
27.527153
29.491786
33.474531
38.359978
44.248244
51.296392
59.699157
69.679457
81.488307
95.406363
111.952932
132.172573
151.722724
169.696062
193.675600
226.413381
272.433414
339.247441
422.020259
527.295658
690.704757
951.158903
1375.233932
2079.638884
2641.762634
2708.203725
2641.762634
2079.638884
1375.233932
951.158903
690.704757
527.295658
422.020259
339.247441
272.433414
226.413381
193.675600
169.696062
151.722724
132.172573
111.952932
95.406363
81.488307
69.679457
59.699157
51.296392
44.248244
38.359978
33.474531
29.491786
27.527153
24.277218
25.920328
29.245823
33.343573
38.289853
44.207169
51.253362
59.615705
69.501449
81.155732
95.031052
111.917702
128.246527
143.604913
164.123296
192.115163
231.305747
287.719427
355.101503
437.107704
561.666815
752.907151
1047.850728
1509.657652
1852.659155
1876.316140
1852.659155
1509.657652
1047.850728
752.907151
561.666815
437.107704
355.101503
287.719427
231.305747
192.115163
164.123296
143.604913
128.246527
111.917702
95.031052
81.155732
69.501449
59.615705
51.253362
44.207169
38.289853
33.343573
29.245823
25.920328
24.277218
21.436062
22.801021
25.560347
28.974785
33.099631
38.032451
43.897895
50.843414
59.046018
68.707291
80.196419
94.119225
107.657272
120.661197
138.018106
161.624891
194.452124
241.152495
294.584151
356.195608
447.387122
581.817375
778.469449
1072.115088
1278.493522
1284.198349
1278.493522
1072.115088
778.469449
581.817375
447.387122
356.195608
294.584151
241.152495
194.452124
161.624891
138.018106
120.661197
107.657272
94.119225
80.196419
68.707291
59.046018
50.843414
43.897895
38.032451
33.099631
28.974785
25.560347
22.801021
21.436062
18.948009
20.072502
22.344198
25.165408
28.576780
32.652270
37.487278
43.198934
49.925939
57.830706
67.206428
78.521472
89.617785
100.480489
114.932488
134.475113
161.391844
199.110825
240.141915
284.417108
348.148632
438.296678
564.114914
745.770960
868.073137
867.251871
868.073137
745.770960
564.114914
438.296678
348.148632
284.417108
240.141915
199.110825
161.391844
134.475113
114.932488
100.480489
89.617785
78.521472
67.206428
57.830706
49.925939
43.198934
37.487278
32.652270
28.576780
25.165408
22.344198
20.072502
18.948009
16.763358
17.680081
19.532322
21.840485
24.632764
27.962092
31.899684
36.535070
41.975333
48.338832
55.857332
64.896183
73.843389
82.748666
94.531685
110.332088
131.818255
161.397562
191.736031
221.878802
264.133343
321.703064
399.071367
508.552278
579.766638
577.226456
579.766638
508.552278
399.071367
321.703064
264.133343
221.878802
191.736031
161.397562
131.818255
110.332088
94.531685
82.748666
73.843389
64.896183
55.857332
48.338832
41.975333
36.535070
31.899684
27.962092
24.632764
21.840485
19.532322
17.680081
16.763358
14.838736
15.575874
17.068782
18.933667
21.188871
23.871190
27.030157
30.731048
35.050513
40.073153
45.974969
53.041279
60.101001
67.223636
76.574704
88.976023
105.583202
128.003574
149.481084
168.719803
195.132835
230.076510
275.862521
340.132126
380.709816
378.242073
380.709816
340.132126
275.862521
230.076510
195.132835
168.719803
149.481084
128.003574
105.583202
88.976023
76.574704
67.223636
60.101001
53.041279
45.974969
40.073153
35.050513
30.731048
27.030157
23.871190
21.188871
18.933667
17.068782
15.575874
14.838736
13.136116
13.717949
14.903914
16.387480
18.178991
20.301397
22.788033
25.681690
29.033349
32.900308
37.410895
42.788907
48.204037
53.721796
60.896887
70.288822
82.653837
99.018488
113.502551
124.845566
140.296126
160.403560
186.456937
223.112172
245.637124
243.740746
245.637124
223.112172
186.456937
160.403560
140.296126
124.845566
113.502551
99.018488
82.653837
70.288822
60.896887
53.721796
48.204037
42.788907
37.410895
32.900308
29.033349
25.681690
22.788033
20.301397
18.178991
16.387480
14.903914
13.717949
13.136116
11.622106
12.070903
12.994560
14.151217
15.544372
17.185853
19.095764
21.297425
23.823053
26.706435
30.041517
33.996770
37.999790
42.105770
47.390333
54.210486
63.039449
74.511480
83.772558
89.795287
98.146853
109.047622
123.240837
143.455552
155.560333
154.254957
155.560333
143.455552
123.240837
109.047622
98.146853
89.795287
83.772558
74.511480
63.039449
54.210486
47.390333
42.105770
37.999790
33.996770
30.041517
26.706435
23.823053
21.297425
19.095764
17.185853
15.544372
14.151217
12.994560
12.070903
11.622106
10.268666
10.602892
11.303648
12.181793
13.235491
14.467674
15.886354
17.503973
19.335207
21.397219
23.756502
26.538611
29.362241
32.267655
35.971878
40.691746
46.711102
54.420787
60.005028
62.723677
66.784910
72.271004
79.604039
90.300946
96.539725
95.703170
96.539725
90.300946
79.604039
72.271004
66.784910
62.723677
60.005028
54.420787
46.711102
40.691746
35.971878
32.267655
29.362241
26.538611
23.756502
21.397219
19.335207
17.503973
15.886354
14.467674
13.235491
12.181793
11.303648
10.602892
10.268666
9.051392
9.286858
9.800111
10.442833
11.209645
12.096779
13.105110
14.237284
15.497049
16.888441
18.459199
20.301433
22.171971
24.101251
26.546060
29.635332
33.539392
38.497815
41.645682
42.499612
44.156057
46.636572
50.161383
55.523004
58.563632
58.055090
58.563632
55.523004
50.161383
46.636572
44.156057
42.499612
41.645682
38.497815
33.539392
29.635332
26.546060
24.101251
22.171971
20.301433
18.459199
16.888441
15.497049
14.237284
13.105110
12.096779
11.209645
10.442833
9.800111
9.286858
9.051392
7.949473
8.101757
8.457840
8.903878
9.431438
10.034119
10.705712
11.442203
12.242413
13.103248
14.058082
15.174666
16.307688
17.483396
18.979622
20.871715
23.263730
26.307564
27.937656
27.867603
28.297861
29.219754
30.734132
33.223658
34.590168
34.295346
34.590168
33.223658
30.734132
29.219754
28.297861
27.867603
27.937656
26.307564
23.263730
20.871715
18.979622
17.483396
16.307688
15.174666
14.058082
13.103248
12.242413
11.442203
10.705712
10.034119
9.431438
8.903878
8.457840
8.101757
7.949473
6.946998
7.030208
7.256488
7.540966
7.873517
8.245240
8.647247
9.071877
9.514134
9.969489
10.461769
11.042578
11.635142
12.262180
13.085023
14.148992
15.517823
17.286604
18.032118
17.600324
17.490299
17.679995
18.204798
19.230224
19.770056
19.606384
19.770056
19.230224
18.204798
17.679995
17.490299
17.600324
18.032118
17.286604
15.517823
14.148992
13.085023
12.262180
11.635142
11.042578
10.461769
9.969489
9.514134
9.071877
8.647247
8.245240
7.873517
7.540966
7.256488
7.030208
6.946998
6.031829
6.059545
6.181096
6.335544
6.513070
6.703163
6.895798
7.082602
7.256848
7.414174
7.574933
7.780280
8.000204
8.254363
8.630434
9.155073
9.867338
10.825183
11.094711
10.605538
10.326057
10.230689
10.322816
10.661279
10.827002
10.741066
10.827002
10.661279
10.322816
10.230689
10.326057
10.605538
11.094711
10.825183
9.867338
9.155073
8.630434
8.254363
8.000204
7.780280
7.574933
7.414174
7.256848
7.082602
6.895798
6.703163
6.513070
6.335544
6.181096
6.059545
6.031829
5.196235
5.181548
5.220953
5.274519
5.332496
5.384757
5.421333
5.433512
5.414846
5.361820
5.293072
5.250600
5.233740
5.256983
5.360450
5.558324
5.872251
6.335762
6.378855
5.977791
5.713001
5.560016
5.508340
5.569915
5.592589
5.551722
5.592589
5.569915
5.508340
5.560016
5.713001
5.977791
6.378855
6.335762
5.872251
5.558324
5.360450
5.256983
5.233740
5.250600
5.293072
5.361820
5.414846
5.433512
5.421333
5.384757
5.332496
5.274519
5.220953
5.181548
5.196235
4.436542
4.392600
4.370461
4.348301
4.317570
4.269072
4.193259
4.080957
3.924891
3.719822
3.483401
3.297437
3.161027
3.070164
3.031987
3.049843
3.133801
3.301999
3.255770
3.004577
2.841185
2.739007
2.683380
2.670139
2.659145
2.644100
2.659145
2.670139
2.683380
2.739007
2.841185
3.004577
3.255770
3.301999
3.133801
3.049843
3.031987
3.070164
3.161027
3.297437
3.483401
3.719822
3.924891
4.080957
4.193259
4.269072
4.317570
4.348301
4.370461
4.392600
4.436542
4.035778
3.972973
3.905811
3.829614
3.739855
3.632221
3.503132
3.349601
3.169607
2.956292
2.686230
2.448086
2.268508
2.131941
2.024984
1.939791
1.871438
1.816317
1.771431
1.732880
1.701154
1.676090
1.657176
1.643966
1.636187
1.633609
1.636187
1.643966
1.657176
1.676090
1.701154
1.732880
1.771431
1.816317
1.871438
1.939791
2.024984
2.131941
2.268508
2.448086
2.686230
2.956292
3.169607
3.349601
3.503132
3.632221
3.739855
3.829614
3.905811
3.972973
4.035778
