-1.919754
-2.053683
-2.361721
-2.715989
-3.123390
-3.591890
-4.130695
-4.750368
-5.462839
-6.282196
-7.224651
-8.334789
-9.120859
-9.346870
-9.687417
-10.158009
-10.779238
-11.581284
-12.618443
-13.989225
-15.788284
-18.098636
-20.757435
-22.095289
-28.761389
0.000000
28.761389
22.095289
20.757435
18.098636
15.788284
13.989225
12.618443
11.581284
10.779238
10.158009
9.687417
9.346870
9.120859
8.334789
7.224651
6.282196
5.462839
4.750368
4.130695
3.591890
3.123390
2.715989
2.361721
2.053683
1.919754
-1.928008
-2.060657
-2.365663
-2.717303
-3.122051
-3.587569
-4.122601
-4.737613
-5.444159
-6.255227
-7.187209
-8.279442
-9.044634
-9.274860
-9.616230
-10.085595
-10.705541
-11.517101
-12.554431
-13.885695
-15.619621
-17.816425
-20.271648
-21.735598
-27.292701
0.000000
27.292701
21.735598
20.271648
17.816425
15.619621
13.885695
12.554431
11.517101
10.705541
10.085595
9.616230
9.274860
9.044634
8.279442
7.187209
6.255227
5.444159
4.737613
4.122601
3.587569
3.122051
2.717303
2.365663
2.060657
1.928008
-1.937534
-2.068709
-2.370231
-2.718886
-3.120493
-3.582520
-4.113458
-4.723006
-5.422545
-6.224306
-7.143956
-8.215652
-8.960083
-9.194853
-9.537009
-10.005029
-10.624056
-11.445776
-12.480649
-13.763480
-15.418344
-17.477789
-19.705570
-21.321444
-24.825748
0.000000
24.825748
21.321444
19.705570
17.477789
15.418344
13.763480
12.480649
11.445776
10.624056
10.005029
9.537009
9.194853
8.960083
8.215652
7.143956
6.224306
5.422545
4.723006
4.113458
3.582520
3.120493
2.718886
2.370231
2.068709
1.937534
-1.948482
-2.077971
-2.375491
-2.720709
-3.118873
-3.576896
-4.102879
-4.706381
-5.397931
-6.188595
-7.093488
-8.141224
-8.864065
-9.103777
-9.446797
-9.913416
-10.532120
-11.365332
-12.394656
-13.619831
-15.183874
-17.091002
-19.088919
-20.744667
-22.210822
0.000000
22.210822
20.744667
19.088919
17.091002
15.183874
13.619831
12.394656
11.365332
10.532120
9.913416
9.446797
9.103777
8.864065
8.141224
7.093488
6.188595
5.397931
4.706381
4.102879
3.576896
3.118873
2.720709
2.375491
2.077971
1.948482
-1.961053
-2.088604
-2.381626
-2.722930
-3.117012
-3.570384
-4.090816
-4.687235
-5.369374
-6.147471
-7.035117
-8.055246
-8.755344
-9.000174
-9.344104
-9.809430
-10.428549
-11.273845
-12.293167
-13.450432
-14.910790
-16.649988
-18.411018
-19.973809
-19.557995
0.000000
19.557995
19.973809
18.411018
16.649988
14.910790
13.450432
12.293167
11.273845
10.428549
9.809430
9.344104
9.000174
8.755344
8.055246
7.035117
6.147471
5.369374
4.687235
4.090816
3.570384
3.117012
2.722930
2.381626
2.088604
1.961053
-1.975387
-2.100804
-2.388762
-2.725544
-3.114904
-3.562942
-4.076968
-4.665189
-5.336557
-6.100007
-6.967480
-7.956195
-8.632756
-8.882656
-9.227387
-9.691499
-10.311651
-11.168608
-12.172109
-13.249999
-14.592554
-16.147667
-17.658702
-18.988686
-16.979885
0.000000
16.979885
18.988686
17.658702
16.147667
14.592554
13.249999
12.172109
11.168608
10.311651
9.691499
9.227387
8.882656
8.632756
7.956195
6.967480
6.100007
5.336557
4.665189
4.076968
3.562942
3.114904
2.725544
2.388762
2.100804
1.975387
-1.991794
-2.114757
-2.396972
-2.728592
-3.112543
-3.554453
-4.061015
-4.639651
-5.298619
-6.045309
-6.889234
-7.842850
-8.494898
-8.749556
-9.095036
-9.557949
-10.179198
-11.046411
-12.026230
-13.012020
-14.221808
-15.576372
-16.818150
-17.789513
-14.573984
0.000000
14.573984
17.789513
16.818150
15.576372
14.221808
13.012020
12.026230
11.046411
10.179198
9.557949
9.095036
8.749556
8.494898
7.842850
6.889234
6.045309
5.298619
4.639651
4.061015
3.554453
3.112543
2.728592
2.396972
2.114757
1.991794
-2.010454
-2.130679
-2.406409
-2.732068
-3.109884
-3.544661
-4.042515
-4.610383
-5.254994
-5.981807
-6.798935
-7.714042
-8.340368
-8.599306
-8.945115
-9.406576
-10.028587
-10.902524
-11.849047
-12.729758
-13.790827
-14.928123
-15.878113
-16.401674
-12.402317
0.000000
12.402317
16.401674
15.878113
14.928123
13.790827
12.729758
11.849047
10.902524
10.028587
9.406576
8.945115
8.599306
8.340368
7.714042
6.798935
5.981807
5.254994
4.610383
4.042515
3.544661
3.109884
2.732068
2.406409
2.130679
2.010454
-2.031571
-2.148718
-2.417267
-2.736179
-3.106801
-3.533356
-4.021147
-4.576198
-5.204348
-5.908903
-6.695181
-7.567865
-8.167696
-8.429963
-8.775561
-9.234972
-9.856151
-10.731367
-11.633287
-12.394868
-13.291276
-14.195889
-14.833963
-14.875116
-10.492381
0.000000
10.492381
14.875116
14.833963
14.195889
13.291276
12.394868
11.633287
10.731367
9.856151
9.234972
8.775561
8.429963
8.167696
7.567865
6.695181
5.908903
5.204348
4.576198
4.021147
3.533356
3.106801
2.736179
2.417267
2.148718
2.031571
-2.055372
-2.169105
-2.429625
-2.740786
-3.103148
-3.520197
-3.996409
-4.536841
-5.145651
-5.824368
-6.576500
-7.403511
-7.975220
-8.239664
-8.584008
-9.040017
-9.657435
-10.526025
-11.370082
-11.998888
-12.716069
-13.375112
-13.691325
-13.276232
-8.841871
0.000000
8.841871
13.276232
13.691325
13.375112
12.716069
11.998888
11.370082
10.526025
9.657435
9.040017
8.584008
8.239664
7.975220
7.403511
6.576500
5.824368
5.145651
4.536841
3.996409
3.520197
3.103148
2.740786
2.429625
2.169105
2.055372
-2.081989
-2.191977
-2.443641
-2.745961
-3.098771
-3.504775
-3.967606
-4.490946
-5.077699
-5.727482
-6.441212
-7.219266
-7.761452
-8.026284
-8.367657
-8.817896
-9.426741
-10.278349
-11.050389
-11.533802
-12.059705
-12.466840
-12.469040
-11.674053
-7.427580
0.000000
7.427580
11.674053
12.469040
12.466840
12.059705
11.533802
11.050389
10.278349
9.426741
8.817896
8.367657
8.026284
7.761452
7.219266
6.441212
5.727482
5.077699
4.490946
3.967606
3.504775
3.098771
2.745961
2.443641
2.191977
2.081989
-2.111620
-2.217432
-2.459267
-2.751562
-3.093475
-3.486664
-3.933849
-4.437733
-4.999274
-5.616180
-6.287825
-7.013715
-7.524544
-7.787479
-8.123447
-8.564206
-9.157626
-9.979692
-10.665119
-10.993259
-11.320956
-11.479575
-11.197490
-10.127840
-6.218080
0.000000
6.218080
10.127840
11.197490
11.479575
11.320956
10.993259
10.665119
9.979692
9.157626
8.564206
8.123447
7.787479
7.524544
7.013715
6.287825
5.616180
4.999274
4.437733
3.933849
3.486664
3.093475
2.751562
2.459267
2.217432
2.111620
-2.144174
-2.245433
-2.476542
-2.757516
-3.086756
-3.465232
-3.894555
-4.375788
-4.908761
-5.489197
-6.114736
-6.785620
-7.262775
-7.520752
-7.847779
-8.273901
-8.843099
-9.621261
-10.206604
-10.373841
-10.503755
-10.430822
-9.913886
-8.680380
-5.182501
0.000000
5.182501
8.680380
9.913886
10.430822
10.503755
10.373841
10.206604
9.621261
8.843099
8.273901
7.847779
7.520752
7.262775
6.785620
6.114736
5.489197
4.908761
4.375788
3.894555
3.465232
3.086756
2.757516
2.476542
2.245433
2.144174
-2.179599
-2.275871
-2.495255
-2.763401
-3.078219
-3.439770
-3.848444
-4.304061
-4.804723
-5.344598
-5.920550
-6.533732
-6.974414
-7.223593
-7.536928
-7.941630
-8.476300
-9.195834
-9.670155
-9.677150
-9.620043
-9.346238
-8.656907
-7.357627
-4.294705
0.000000
4.294705
7.357627
8.656907
9.346238
9.620043
9.677150
9.670155
9.195834
8.476300
7.941630
7.536928
7.223593
6.974414
6.533732
5.920550
5.344598
4.804723
4.304061
3.848444
3.439770
3.078219
2.763401
2.495255
2.275871
2.179599
-2.217541
-2.308373
-2.514972
-2.768784
-3.067223
-3.409362
-3.794388
-4.220933
-4.685706
-5.181125
-5.704095
-6.256966
-6.657831
-6.893502
-7.187339
-7.562768
-8.051986
-8.699167
-9.055980
-8.911873
-8.689195
-8.256027
-7.460041
-6.171511
-3.534286
0.000000
3.534286
6.171511
7.460041
8.256027
8.689195
8.911873
9.055980
8.699167
8.051986
7.562768
7.187339
6.893502
6.657831
6.256966
5.704095
5.181125
4.685706
4.220933
3.794388
3.409362
3.067223
2.768784
2.514972
2.308373
2.217541
-2.257387
-2.342284
-2.535081
-2.772902
-3.052787
-3.372880
-3.731189
-4.125182
-4.550135
-4.997583
-5.464378
-5.954122
-6.311777
-6.528591
-6.796388
-7.134231
-7.567834
-8.131747
-8.370791
-8.093573
-7.736139
-7.191271
-6.348562
-5.124669
-2.885704
0.000000
2.885704
5.124669
6.348562
7.191271
7.736139
8.093573
8.370791
8.131747
7.567834
7.134231
6.796388
6.528591
6.311777
5.954122
5.464378
4.997583
4.550135
4.125182
3.731189
3.372880
3.052787
2.772902
2.535081
2.342284
2.257387
-2.298111
-2.376587
-2.554546
-2.774704
-3.033710
-3.328962
-3.657491
-4.015396
-4.396839
-4.792966
-5.200732
-5.624944
-5.935869
-6.128180
-6.363298
-6.655965
-7.025907
-7.500205
-7.628393
-7.243727
-6.788368
-6.179226
-5.339101
-4.213808
-2.336414
0.000000
2.336414
4.213808
5.339101
6.179226
6.788368
7.243727
7.628393
7.500205
7.025907
6.655965
6.363298
6.128180
5.935869
5.624944
5.200732
4.792966
4.396839
4.015396
3.657491
3.328962
3.033710
2.774704
2.554546
2.376587
2.298111
-2.338251
-2.409835
-2.571883
-2.772648
-3.008535
-3.276139
-3.571710
-3.890188
-4.224935
-4.566841
-4.913365
-5.270315
-5.531097
-5.693500
-5.890097
-6.131884
-6.433869
-6.817875
-6.848532
-6.387139
-5.872126
-5.240883
-4.439628
-3.431529
-1.875186
0.000000
1.875186
3.431529
4.439628
5.240883
5.872126
6.387139
6.848532
6.817875
6.433869
6.131884
5.890097
5.693500
5.531097
5.270315
4.913365
4.566841
4.224935
3.890188
3.571710
3.276139
3.008535
2.772648
2.571883
2.409835
2.338251
-2.375861
-2.439990
-2.585031
-2.764780
-2.975405
-3.212764
-3.472360
-3.748476
-4.034001
-4.319564
-4.603297
-4.892021
-5.100339
-5.228377
-5.382508
-5.570741
-5.804812
-6.103264
-6.054507
-5.548568
-5.009269
-4.389596
-3.651397
-2.767363
-1.491466
0.000000
1.491466
2.767363
3.651397
4.389596
5.009269
5.548568
6.054507
6.103264
5.804812
5.570741
5.382508
5.228377
5.100339
4.892021
4.603297
4.319564
4.034001
3.748476
3.472360
3.212764
2.975405
2.764780
2.585031
2.439990
2.375861
-2.408304
-2.464407
-2.591492
-2.748710
-2.931995
-3.136816
-3.358119
-3.589718
-3.824207
-4.052297
-4.273028
-4.493925
-4.648797
-4.739993
-4.850204
-4.985611
-5.155960
-5.377856
-5.269949
-4.749247
-4.215049
-3.631497
-2.970206
-2.209455
-1.175047
0.000000
1.175047
2.209455
2.970206
3.631497
4.215049
4.749247
5.269949
5.377856
5.155960
4.985611
4.850204
4.739993
4.648797
4.493925
4.273028
4.052297
3.824207
3.589718
3.358119
3.136816
2.931995
2.748710
2.591492
2.464407
2.408304
-2.432380
-2.479988
-2.588184
-2.721470
-2.875834
-3.046559
-3.227933
-3.413610
-3.596393
-3.767446
-3.926563
-4.081758
-4.184308
-4.238325
-4.305907
-4.392139
-4.506115
-4.662924
-4.515410
-4.004742
-3.497729
-2.966112
-2.387796
-1.744541
-0.915844
0.000000
0.915844
1.744541
2.387796
2.966112
3.497729
4.004742
4.515410
4.662924
4.506115
4.392139
4.305907
4.238325
4.184308
4.081758
3.926563
3.767446
3.596393
3.413610
3.227933
3.046559
2.875834
2.721470
2.588184
2.479988
2.432380
-2.444510
-2.483175
-2.571591
-2.680022
-2.804389
-2.939882
-3.080841
-3.220743
-3.352733
-3.468734
-3.569346
-3.663209
-3.716788
-3.735428
-3.763972
-3.807211
-3.873404
-3.976221
-3.805751
-3.323460
-2.858238
-2.387224
-1.892534
-1.358413
-0.704120
0.000000
0.704120
1.358413
1.892534
2.387224
2.858238
3.323460
3.805751
3.976221
3.873404
3.807211
3.763972
3.735428
3.716788
3.663209
3.569346
3.468734
3.352733
3.220743
3.080841
2.939882
2.804389
2.680022
2.571591
2.483175
2.444510
-2.440870
-2.470325
-2.538267
-2.621078
-2.715006
-2.815295
-2.916406
-3.012266
-3.096279
-3.161256
-3.208855
-3.247917
-3.257883
-3.244996
-3.239649
-3.246160
-3.272157
-3.329826
-3.147681
-2.704831
-2.289194
-1.882119
-1.468751
-1.035290
-0.529738
0.000000
0.529738
1.035290
1.468751
1.882119
2.289194
2.704831
3.147681
3.329826
3.272157
3.246160
3.239649
3.244996
3.257883
3.247917
3.208855
3.161256
3.096279
3.012266
2.916406
2.815295
2.715006
2.621078
2.538267
2.470325
2.440870
-2.418146
-2.438151
-2.484965
-2.541764
-2.605218
-2.671136
-2.734574
-2.789945
-2.831260
-2.852167
-2.854871
-2.848030
-2.821797
-2.782468
-2.748410
-2.723106
-2.712393
-2.726120
-2.533235
-2.131172
-1.766823
-1.424676
-1.091365
-0.753988
-0.380349
-0.000000
0.380349
0.753988
1.091365
1.424676
1.766823
2.131172
2.533235
2.726120
2.712393
2.723106
2.748410
2.782468
2.821797
2.848030
2.854871
2.852167
2.831260
2.789945
2.734574
2.671136
2.605218
2.541764
2.484965
2.438151
2.418146
-2.374282
-2.384677
-2.409369
-2.439266
-2.472154
-2.505134
-2.534427
-2.555557
-2.563680
-2.553267
-2.525065
-2.483893
-2.430292
-2.371042
-2.314240
-2.259430
-2.204723
-2.145226
-1.880419
-1.510266
-1.209123
-0.948817
-0.710504
-0.479943
-0.238108
-0.000000
0.238108
0.479943
0.710504
0.948817
1.209123
1.510266
1.880419
2.145226
2.204723
2.259430
2.314240
2.371042
2.430292
2.483893
2.525065
2.553267
2.563680
2.555557
2.534427
2.505134
2.472154
2.439266
2.409369
2.384677
2.374282
-2.310483
-2.310483
-2.310483
-2.310483
-2.310483
-2.310456
-2.310456
-2.310488
-2.310485
-2.305376
-2.261967
-2.176446
-2.082853
-1.986010
-1.880765
-1.760535
-1.617072
-1.440285
-1.219028
-1.017149
-0.832086
-0.659558
-0.494526
-0.331461
-0.163475
-0.000000
0.163475
0.331461
0.494526
0.659558
0.832086
1.017149
1.219028
1.440285
1.617072
1.760535
1.880765
1.986010
2.082853
2.176446
2.261967
2.305376
2.310485
2.310488
2.310456
2.310456
2.310483
2.310483
2.310483
2.310483
2.310483
