-0.000000
-0.234010
-0.394518
-0.507653
-0.579650
-0.616111
-0.609663
-0.552418
-0.436302
-0.245860
0.046402
0.426197
1.058771
1.691275
2.379195
3.157238
4.061842
5.107698
6.101936
7.683141
10.279587
14.682233
22.645156
37.836252
48.649254
72.989504
48.649254
37.836252
22.645156
14.682233
10.279587
7.683141
6.101936
5.107698
4.061842
3.157238
2.379195
1.691275
1.058771
0.426197
0.046402
-0.245860
-0.436302
-0.552418
-0.609663
-0.616111
-0.579650
-0.507653
-0.394518
-0.234010
-0.000000
-0.000000
-0.234067
-0.394523
-0.507425
-0.580125
-0.614442
-0.607963
-0.551735
-0.433928
-0.242402
0.049401
0.436275
1.069040
1.700156
2.386711
3.163203
4.063877
5.104290
6.096098
7.666241
10.237616
14.576943
22.332187
37.046857
48.636471
68.694529
48.636471
37.046857
22.332187
14.576943
10.237616
7.666241
6.096098
5.104290
4.063877
3.163203
2.386711
1.700156
1.069040
0.436275
0.049401
-0.242402
-0.433928
-0.551735
-0.607963
-0.614442
-0.580125
-0.507425
-0.394523
-0.234067
-0.000000
-0.000000
-0.232916
-0.393100
-0.505211
-0.578408
-0.612909
-0.605953
-0.549647
-0.432190
-0.238322
0.055757
0.459997
1.097837
1.729579
2.416873
3.193612
4.092246
5.124785
6.115543
7.687078
10.252660
14.555566
22.137881
36.188542
48.929682
64.472454
48.929682
36.188542
22.137881
14.555566
10.252660
7.687078
6.115543
5.124785
4.092246
3.193612
2.416873
1.729579
1.097837
0.459997
0.055757
-0.238322
-0.432190
-0.549647
-0.605953
-0.612909
-0.578408
-0.505211
-0.393100
-0.232916
-0.000000
-0.000000
-0.231003
-0.390344
-0.502592
-0.575427
-0.610721
-0.602579
-0.545816
-0.427463
-0.230767
0.067524
0.488705
1.130143
1.762450
2.450294
3.226892
4.123785
5.151132
6.147065
7.720542
10.280643
14.537543
21.925562
35.395379
48.721910
60.347845
48.721910
35.395379
21.925562
14.537543
10.280643
7.720542
6.147065
5.151132
4.123785
3.226892
2.450294
1.762450
1.130143
0.488705
0.067524
-0.230767
-0.427463
-0.545816
-0.602579
-0.610721
-0.575427
-0.502592
-0.390344
-0.231003
-0.000000
-0.000000
-0.227920
-0.386808
-0.499173
-0.571929
-0.605430
-0.596912
-0.538681
-0.417798
-0.217141
0.086182
0.523196
1.165972
1.798526
2.487003
3.264100
4.159008
5.184550
6.193202
7.767650
10.318325
14.519612
21.693509
34.630778
47.966766
56.336759
47.966766
34.630778
21.693509
14.519612
10.318325
7.767650
6.193202
5.184550
4.159008
3.264100
2.487003
1.798526
1.165972
0.523196
0.086182
-0.217141
-0.417798
-0.538681
-0.596912
-0.605430
-0.571929
-0.499173
-0.386808
-0.227920
-0.000000
-0.000000
-0.224365
-0.382134
-0.493511
-0.565544
-0.597886
-0.588430
-0.527514
-0.403357
-0.198642
0.111671
0.563788
1.206068
1.838544
2.527747
3.304777
4.198886
5.227605
6.253835
7.829799
10.365589
14.497454
21.436213
33.840970
46.662784
52.447736
46.662784
33.840970
21.436213
14.497454
10.365589
7.829799
6.253835
5.227605
4.198886
3.304777
2.527747
1.838544
1.206068
0.563788
0.111671
-0.198642
-0.403357
-0.527514
-0.588430
-0.597886
-0.565544
-0.493511
-0.382134
-0.224365
-0.000000
-0.000000
-0.220259
-0.376158
-0.485865
-0.556203
-0.587691
-0.575276
-0.511474
-0.383855
-0.173850
0.146068
0.610547
1.250890
1.882732
2.572339
3.349603
4.244387
5.281137
6.331321
7.905898
10.419688
14.464836
21.142993
32.960857
44.850413
48.680041
44.850413
32.960857
21.142993
14.464836
10.419688
7.905898
6.331321
5.281137
4.244387
3.349603
2.572339
1.882732
1.250890
0.610547
0.146068
-0.173850
-0.383855
-0.511474
-0.575276
-0.587691
-0.556203
-0.485865
-0.376158
-0.220259
-0.000000
-0.000000
-0.214717
-0.368096
-0.476177
-0.544681
-0.573907
-0.558563
-0.490501
-0.357711
-0.141238
0.187343
0.663930
1.300553
1.931295
2.620880
3.399066
4.296097
5.346547
6.425110
7.993835
10.475306
14.411759
20.795131
31.925824
42.605291
45.025372
42.605291
31.925824
20.795131
14.411759
10.475306
7.993835
6.425110
5.346547
4.296097
3.399066
2.620880
1.931295
1.300553
0.663930
0.187343
-0.141238
-0.357711
-0.490501
-0.558563
-0.573907
-0.544681
-0.476177
-0.368096
-0.214717
-0.000000
-0.000000
-0.208093
-0.358073
-0.463802
-0.529749
-0.555516
-0.536744
-0.463970
-0.324737
-0.099775
0.237570
0.723877
1.355639
1.984612
2.674047
3.453537
4.355332
5.424809
6.533265
8.089915
10.525006
14.324831
20.367089
30.683987
40.019440
41.472093
40.019440
30.683987
20.367089
14.324831
10.525006
8.089915
6.533265
5.424809
4.355332
3.453537
2.674047
1.984612
1.355639
0.723877
0.237570
-0.099775
-0.324737
-0.463970
-0.536744
-0.555516
-0.529749
-0.463802
-0.358073
-0.208093
-0.000000
-0.000000
-0.200179
-0.346115
-0.448278
-0.510681
-0.532282
-0.508321
-0.430127
-0.283340
-0.049716
0.297288
0.790501
1.416216
2.042269
2.731337
3.512874
4.422489
5.515331
6.653359
8.188174
10.557108
14.186816
19.830033
29.208439
37.187677
38.007351
37.187677
29.208439
19.830033
14.186816
10.557108
8.188174
6.653359
5.515331
4.422489
3.512874
2.731337
2.042269
1.416216
0.790501
0.297288
-0.049716
-0.283340
-0.430127
-0.508321
-0.532282
-0.510681
-0.448278
-0.346115
-0.200179
-0.000000
-0.000000
-0.191107
-0.331565
-0.429248
-0.487173
-0.503987
-0.473713
-0.388115
-0.233057
0.009541
0.364967
0.863682
1.482103
2.104401
2.792802
3.576879
4.496650
5.615902
6.778911
8.278805
10.556973
13.975996
19.157277
27.502288
34.197881
34.622083
34.197881
27.502288
19.157277
13.975996
10.556973
8.278805
6.778911
5.615902
4.496650
3.576879
2.792802
2.104401
1.482103
0.863682
0.364967
0.009541
-0.233057
-0.388115
-0.473713
-0.503987
-0.487173
-0.429248
-0.331565
-0.191107
-0.000000
-0.000000
-0.180535
-0.314100
-0.406125
-0.458521
-0.468817
-0.431810
-0.337723
-0.173754
0.078315
0.441419
0.942851
1.552809
2.170516
2.857797
3.644905
4.575690
5.721301
6.900688
8.347664
10.506202
13.670697
18.330472
25.595264
31.126897
31.314684
31.126897
25.595264
18.330472
13.670697
10.506202
8.347664
6.900688
5.721301
4.575690
3.644905
2.857797
2.170516
1.552809
0.942851
0.441419
0.078315
-0.173754
-0.337723
-0.431810
-0.468817
-0.458521
-0.406125
-0.314100
-0.180535
-0.000000
-0.000000
-0.168386
-0.293688
-0.378845
-0.424172
-0.426914
-0.381692
-0.278622
-0.104807
0.156309
0.526089
1.027358
1.627455
2.239230
2.924535
3.714463
4.655767
5.823712
7.006242
8.378576
10.384481
13.251065
17.346440
23.534963
28.040176
28.093123
28.040176
23.534963
17.346440
13.251065
10.384481
8.378576
7.006242
5.823712
4.655767
3.714463
2.924535
2.239230
1.627455
1.027358
0.526089
0.156309
-0.104807
-0.278622
-0.381692
-0.426914
-0.424172
-0.378845
-0.293688
-0.168386
-0.000000
-0.000000
-0.154859
-0.270253
-0.346779
-0.383786
-0.378113
-0.323328
-0.210163
-0.026710
0.242889
0.617627
1.115829
1.704485
2.308790
2.990486
3.781373
4.729749
5.911700
7.079144
8.352477
10.172903
12.704943
16.215991
21.377860
24.994126
24.974339
24.994126
21.377860
16.215991
12.704943
10.172903
8.352477
7.079144
5.911700
4.729749
3.781373
2.990486
2.308790
1.704485
1.115829
0.617627
0.242889
-0.026710
-0.210163
-0.323328
-0.378113
-0.383786
-0.346779
-0.270253
-0.154859
-0.000000
-0.000000
-0.139761
-0.243470
-0.309916
-0.337223
-0.321704
-0.256633
-0.133170
0.060025
0.336680
0.713577
1.206225
1.781361
2.376128
3.051436
3.839336
4.787705
5.970177
7.100896
8.249559
9.855739
12.030955
14.964478
19.180329
22.037800
21.982515
22.037800
19.180329
14.964478
12.030955
9.855739
8.249559
7.100896
5.970177
4.787705
3.839336
3.051436
2.376128
1.781361
1.206225
0.713577
0.336680
0.060025
-0.133170
-0.256633
-0.321704
-0.337223
-0.309916
-0.243470
-0.139761
-0.000000
-0.000000
-0.123127
-0.213445
-0.268290
-0.284461
-0.257809
-0.181778
-0.048248
0.153696
0.435796
0.811688
1.295692
1.854717
2.436790
3.101352
3.879533
4.817128
5.982311
7.052428
8.053958
9.425579
11.238363
13.625815
16.995722
19.213663
19.144912
19.213663
16.995722
13.625815
11.238363
9.425579
8.053958
7.052428
5.982311
4.817128
3.879533
3.101352
2.436790
1.854717
1.295692
0.811688
0.435796
0.153696
-0.048248
-0.181778
-0.257809
-0.284461
-0.268290
-0.213445
-0.123127
-0.000000
-0.000000
-0.105079
-0.180486
-0.221968
-0.225874
-0.187179
-0.099926
0.043530
0.252735
0.537591
0.909459
1.380456
1.919846
2.484875
3.132414
3.891505
4.804089
5.931113
6.917339
7.755672
8.884855
10.347233
12.237635
14.870426
16.557539
16.487965
16.557539
14.870426
12.237635
10.347233
8.884855
7.755672
6.917339
5.931113
4.804089
3.891505
3.132414
2.484875
1.919846
1.380456
0.909459
0.537591
0.252735
0.043530
-0.099926
-0.187179
-0.225874
-0.221968
-0.180486
-0.105079
-0.000000
-0.000000
-0.085945
-0.144889
-0.171584
-0.162050
-0.111021
-0.012699
0.139818
0.354249
0.638551
1.002365
1.455844
1.970916
2.513230
3.135581
3.863879
4.735196
5.802466
6.685268
7.353408
8.245317
9.384420
10.838046
12.843432
14.097033
14.033807
14.097033
12.843432
10.838046
9.384420
8.245317
7.353408
6.685268
5.802466
4.735196
3.863879
3.135581
2.513230
1.970916
1.455844
1.002365
0.638551
0.354249
0.139818
-0.012699
-0.111021
-0.162050
-0.171584
-0.144889
-0.085945
-0.000000
-0.000000
-0.065950
-0.107102
-0.118102
-0.094303
-0.030744
0.078002
0.237791
0.454667
0.734674
1.085601
1.516257
2.001536
2.514183
3.101675
3.786432
4.599922
5.587733
6.353806
6.855008
7.526693
8.379823
9.461577
10.945378
11.851410
11.798143
11.851410
10.945378
9.461577
8.379823
7.526693
6.855008
6.353806
5.587733
4.599922
3.786432
3.101675
2.514183
2.001536
1.516257
1.085601
0.734674
0.454667
0.237791
0.078002
-0.030744
-0.094303
-0.118102
-0.107102
-0.065950
-0.000000
-0.000000
-0.045413
-0.068111
-0.062761
-0.024381
0.051351
0.169121
0.333793
0.549835
0.821285
1.154032
1.555770
2.004956
2.480284
3.022814
3.651541
4.392963
5.285694
5.929262
6.276152
6.753161
7.363262
8.137631
9.197941
9.831311
9.789046
9.831311
9.197941
8.137631
7.363262
6.753161
6.276152
5.929262
5.285694
4.392963
3.651541
3.022814
2.480284
2.004956
1.555770
1.154032
0.821285
0.549835
0.333793
0.169121
0.051351
-0.024381
-0.062761
-0.068111
-0.045413
-0.000000
-0.000000
-0.024913
-0.029010
-0.007079
0.045365
0.132300
0.257312
0.423934
0.635198
0.893183
1.202128
1.568674
1.975081
2.405429
2.893861
3.456051
4.114377
4.902270
5.424962
5.637491
5.950559
6.361652
6.889501
7.614530
8.038755
8.007174
8.038755
7.614530
6.889501
6.361652
5.950559
5.637491
5.424962
4.902270
4.114377
3.456051
2.893861
2.405429
1.975081
1.568674
1.202128
0.893183
0.635198
0.423934
0.257312
0.132300
0.045365
-0.007079
-0.029010
-0.024913
-0.000000
-0.000000
-0.005027
0.008998
0.046905
0.112513
0.209058
0.339102
0.504487
0.706567
0.945895
1.225152
1.550063
1.907308
2.285585
2.712328
3.200745
3.769822
4.448362
4.858285
4.961065
5.142979
5.397623
5.733965
6.200959
6.469187
6.447079
6.469187
6.200959
5.733965
5.397623
5.142979
4.961065
4.858285
4.448362
3.769822
3.200745
2.712328
2.285585
1.907308
1.550063
1.225152
0.945895
0.706567
0.504487
0.339102
0.209058
0.112513
0.046905
0.008998
-0.005027
-0.000000
-0.000000
0.013513
0.044473
0.097061
0.174485
0.278852
0.411403
0.572310
0.760989
0.976235
1.219598
1.496233
1.797954
2.117767
2.477159
2.887551
3.365552
3.936096
4.246501
4.267181
4.351075
4.488925
4.682445
4.957692
5.113268
5.098945
5.113268
4.957692
4.682445
4.488925
4.351075
4.267181
4.246501
3.936096
3.365552
2.887551
2.477159
2.117767
1.797954
1.496233
1.219598
0.976235
0.760989
0.572310
0.411403
0.278852
0.174485
0.097061
0.044473
0.013513
-0.000000
-0.000000
0.029768
0.075599
0.141146
0.228871
0.339724
0.473120
0.627136
0.798760
0.984213
1.183631
1.403354
1.641510
1.895631
2.182293
2.512463
2.901112
3.370014
3.601597
3.572926
3.593164
3.651290
3.744487
3.883790
3.961539
3.953132
3.961539
3.883790
3.744487
3.651290
3.593164
3.572926
3.601597
3.370014
2.901112
2.512463
2.182293
1.895631
1.641510
1.403354
1.183631
0.984213
0.798760
0.627136
0.473120
0.339724
0.228871
0.141146
0.075599
0.029768
-0.000000
-0.000000
0.042323
0.099909
0.176432
0.273842
0.391943
0.527994
0.676439
0.829169
0.975869
1.111353
1.256704
1.416650
1.591639
1.794419
2.037649
2.339711
2.727864
2.946260
2.913448
2.903919
2.913674
2.940878
2.988807
3.015272
3.010797
3.015272
2.988807
2.940878
2.913674
2.903919
2.913448
2.946260
2.727864
2.339711
2.037649
1.794419
1.591639
1.416650
1.256704
1.111353
0.975869
0.829169
0.676439
0.527994
0.391943
0.273842
0.176432
0.099909
0.042323
-0.000000
-0.000000
0.046206
0.106511
0.184051
0.280003
0.393370
0.520811
0.656455
0.792567
0.918201
1.013891
1.102662
1.201393
1.308528
1.425467
1.553714
1.694044
1.845687
2.005189
2.113022
2.185983
2.236054
2.270877
2.294895
2.309887
2.314547
2.309887
2.294895
2.270877
2.236054
2.185983
2.113022
2.005189
1.845687
1.694044
1.553714
1.425467
1.308528
1.201393
1.102662
1.013891
0.918201
0.792567
0.656455
0.520811
0.393370
0.280003
0.184051
0.106511
0.046206
-0.000000
