1.225000
1.255289
1.256263
1.255781
1.254732
1.253275
1.250992
1.245106
1.227330
1.187725
1.131263
0.850197
0.871519
0.910812
0.950698
0.986809
1.023916
1.070236
1.130487
1.207672
1.303690
1.418989
1.546387
1.662607
1.755275
1.780003
1.678917
1.538971
1.401627
1.263416
1.142065
1.043376
0.965222
0.904561
0.859040
0.825804
0.796436
0.762506
0.728091
0.850197
1.131263
1.187725
1.227330
1.245106
1.250992
1.253275
1.254732
1.255781
1.256263
1.255289
1.225000
1.255302
1.255302
1.257249
1.256286
1.254188
1.251275
1.246708
1.234936
1.199384
1.120174
1.007250
0.910122
0.871519
0.910812
0.950698
0.986809
1.023916
1.070235
1.130487
1.207672
1.303690
1.418989
1.546387
1.662606
1.755275
1.780002
1.678917
1.538971
1.401627
1.263416
1.142065
1.043376
0.965222
0.904561
0.859040
0.825804
0.796436
0.762506
0.728090
0.790271
0.932596
1.032221
1.086245
1.124497
1.162671
1.198939
1.228219
1.247686
1.256367
1.255277
1.255277
1.255078
1.255078
1.257114
1.256964
1.257019
1.258545
1.260866
1.252877
1.203380
1.086584
0.948092
0.887136
0.914447
0.967814
1.013504
1.058234
1.109854
1.174185
1.253251
1.346994
1.452097
1.559182
1.650210
1.700291
1.716260
1.718690
1.694248
1.653270
1.572543
1.454403
1.327292
1.209067
1.107064
1.022659
0.955206
0.903855
0.864494
0.826773
0.773419
0.745090
0.828597
0.991412
1.122182
1.188873
1.221612
1.240928
1.251765
1.256613
1.257456
1.254682
1.254681
1.255198
1.255199
1.257560
1.257540
1.258381
1.262316
1.266620
1.250114
1.173224
1.033894
0.917710
0.902764
0.957536
1.015300
1.064613
1.115437
1.174602
1.244263
1.323357
1.408547
1.492402
1.563771
1.612532
1.634888
1.645370
1.648022
1.631265
1.607282
1.566608
1.496026
1.403499
1.302088
1.203536
1.114468
1.037637
0.974750
0.925780
0.884600
0.831415
0.764680
0.766666
0.900347
1.072862
1.177058
1.219082
1.238130
1.249290
1.255168
1.256789
1.253817
1.253817
1.255345
1.255345
1.257925
1.258343
1.260966
1.268533
1.273121
1.241073
1.134753
0.991327
0.916903
0.942905
1.006177
1.063960
1.116713
1.172983
1.236484
1.306402
1.379593
1.451210
1.513764
1.559762
1.586183
1.594871
1.596950
1.596595
1.589154
1.578619
1.557769
1.514998
1.450601
1.370240
1.283179
1.197340
1.117495
1.047239
0.989153
0.941825
0.892771
0.821368
0.760328
0.818842
0.998046
1.155603
1.226932
1.249193
1.256199
1.258230
1.257415
1.252838
1.252838
1.255597
1.255597
1.258084
1.258807
1.263375
1.273720
1.274100
1.222044
1.096328
0.970350
0.939304
0.989685
1.055330
1.112882
1.168053
1.226554
1.289220
1.353227
1.414527
1.468649
1.510398
1.536912
1.549873
1.553153
1.553682
1.553397
1.548978
1.543317
1.532508
1.508384
1.467627
1.410139
1.340639
1.265463
1.189638
1.117853
1.054384
1.000807
0.951372
0.885298
0.798372
0.782350
0.925591
1.120404
1.230011
1.260064
1.262275
1.260325
1.257788
1.251844
1.251843
1.255894
1.255895
1.258075
1.259374
1.266399
1.278232
1.269808
1.196811
1.065376
0.970470
0.975378
1.036893
1.101334
1.158376
1.214062
1.271265
1.328919
1.383425
1.431245
1.469565
1.495999
1.510892
1.517385
1.518607
1.518647
1.518426
1.515581
1.512208
1.506142
1.492187
1.466937
1.427817
1.375784
1.314441
1.247465
1.179315
1.114956
1.057542
1.005518
0.944405
0.855570
0.788745
0.869701
1.070429
1.220401
1.267865
1.268237
1.262289
1.258275
1.251217
1.251216
1.256153
1.256153
1.257958
1.260275
1.269938
1.281136
1.260437
1.170506
1.046991
0.986842
1.016605
1.081586
1.143547
1.199190
1.253121
1.306131
1.356190
1.399961
1.435209
1.460971
1.476999
1.485143
1.488369
1.488689
1.488524
1.488339
1.486468
1.484390
1.480870
1.472660
1.457222
1.431507
1.394312
1.346819
1.290863
1.229728
1.168134
1.109953
1.055930
0.997179
0.914160
0.823357
0.841813
1.019158
1.200788
1.273078
1.275140
1.264602
1.258727
1.251018
1.251017
1.256338
1.256338
1.257893
1.261705
1.273641
1.281517
1.246838
1.147220
1.041868
1.013268
1.057710
1.122077
1.180948
1.233998
1.284182
1.331060
1.372467
1.405979
1.430838
1.447520
1.456958
1.461323
1.462862
1.462763
1.462517
1.462376
1.461106
1.459806
1.457736
1.452817
1.443362
1.426762
1.400995
1.365656
1.320928
1.268569
1.212356
1.156135
1.101818
1.044196
0.967477
0.870656
0.841576
0.976982
1.173190
1.273528
1.282159
1.267373
1.259050
1.251149
1.251149
1.256453
1.256453
1.258022
1.263668
1.276935
1.278929
1.230926
1.129975
1.047956
1.044305
1.096032
1.157722
1.212924
1.262245
1.307318
1.347187
1.380106
1.404794
1.421722
1.432187
1.437550
1.439749
1.440353
1.440045
1.439778
1.439681
1.438815
1.438017
1.436844
1.433920
1.428155
1.417568
1.400085
1.374529
1.339960
1.296722
1.247337
1.195073
1.142246
1.085949
1.014492
0.920061
0.861425
0.949646
1.141955
1.268308
1.288599
1.270974
1.259453
1.251485
1.251485
1.256538
1.256538
1.258440
1.265999
1.279218
1.273459
1.214945
1.120074
1.062016
1.076162
1.130395
1.188350
1.239353
1.284094
1.323344
1.356148
1.381456
1.399050
1.410203
1.416516
1.419340
1.420238
1.420279
1.419854
1.419584
1.419525
1.418945
1.418495
1.417921
1.416289
1.412885
1.406268
1.394622
1.376548
1.350530
1.315843
1.273766
1.226695
1.176819
1.122607
1.055656
0.966611
0.892888
0.938504
1.112006
1.257570
1.293428
1.275431
1.260204
1.251921
1.251921
1.256651
1.256652
1.259186
1.268445
1.280062
1.265731
1.200826
1.117307
1.080852
1.106623
1.160433
1.214067
1.260461
1.300130
1.333398
1.359621
1.378500
1.390632
1.397687
1.401234
1.402437
1.402509
1.402186
1.401684
1.401415
1.401387
1.401019
1.400827
1.400681
1.399933
1.398107
1.394156
1.386592
1.374077
1.354927
1.327757
1.292794
1.251489
1.205577
1.154273
1.091570
1.008750
0.929360
0.941453
1.087235
1.242418
1.295602
1.280389
1.261524
1.252418
1.252418
1.256855
1.256855
1.260250
1.270716
1.279259
1.256673
1.189861
1.120526
1.101916
1.134566
1.186187
1.235168
1.276716
1.311156
1.338677
1.359088
1.372747
1.380777
1.384943
1.386621
1.386746
1.386262
1.385681
1.385120
1.384849
1.384847
1.384645
1.384657
1.384836
1.384730
1.384008
1.381902
1.377214
1.368782
1.354997
1.334160
1.305719
1.270252
1.228891
1.181169
1.122755
1.046285
0.966701
0.954881
1.069874
1.224770
1.294474
1.285250
1.263529
1.253012
1.253011
1.257197
1.257197
1.261570
1.272523
1.276829
1.247289
1.182641
1.128232
1.123425
1.159517
1.207898
1.252076
1.288716
1.318035
1.340284
1.355739
1.365255
1.370234
1.372351
1.372730
1.372104
1.371217
1.370437
1.369822
1.369544
1.369564
1.369497
1.369680
1.370123
1.370508
1.370598
1.369816
1.367194
1.361767
1.352118
1.336477
1.313783
1.283897
1.247322
1.203640
1.149660
1.079452
1.002705
0.975145
1.060537
1.206767
1.289903
1.289305
1.266180
1.253779
1.253778
1.257705
1.257705
1.263045
1.273610
1.272986
1.238499
1.179181
1.138952
1.144244
1.181373
1.225913
1.265276
1.297100
1.321582
1.339140
1.350460
1.356724
1.359428
1.360065
1.359510
1.358334
1.357137
1.356192
1.355520
1.355231
1.355269
1.355315
1.355648
1.356316
1.357096
1.357811
1.358016
1.356918
1.353727
1.347260
1.335825
1.318075
1.293326
1.261515
1.222122
1.172713
1.108625
1.036354
0.999287
1.058651
1.190234
1.282222
1.291877
1.269271
1.254796
1.254796
1.258375
1.258375
1.264525
1.273782
1.268089
1.230998
1.179114
1.151453
1.163719
1.200234
1.240626
1.275269
1.302478
1.322501
1.335967
1.343874
1.347589
1.348580
1.348124
1.346875
1.345277
1.343830
1.342739
1.342009
1.341702
1.341754
1.341898
1.342366
1.343233
1.344343
1.345558
1.346526
1.346581
1.345084
1.341079
1.333036
1.319480
1.299354
1.272120
1.237090
1.192328
1.134210
1.067272
1.025174
1.062985
1.176480
1.272135
1.292429
1.272453
1.256102
1.256102
1.259163
1.259163
1.265822
1.272927
1.262595
1.225238
1.181871
1.164774
1.181514
1.216318
1.252451
1.282532
1.305383
1.321361
1.331299
1.336408
1.338114
1.337792
1.336505
1.334718
1.332781
1.331120
1.329895
1.329102
1.328771
1.328835
1.329068
1.329662
1.330711
1.332108
1.333737
1.335316
1.336274
1.336088
1.334011
1.328702
1.318683
1.302665
1.279741
1.249029
1.208912
1.156596
1.095396
1.051389
1.072116
1.166244
1.260551
1.290617
1.275252
1.257647
1.257646
1.259980
1.259981
1.266725
1.271045
1.256977
1.221394
1.186779
1.178216
1.197534
1.229923
1.261774
1.287465
1.306246
1.318612
1.325541
1.328346
1.328437
1.327073
1.325125
1.322901
1.320671
1.318809
1.317445
1.316577
1.316215
1.316288
1.316607
1.317331
1.318562
1.320224
1.322217
1.324310
1.326003
1.326870
1.326339
1.323258
1.316205
1.303794
1.284879
1.258393
1.222883
1.176176
1.120813
1.077007
1.084654
1.159740
1.248447
1.286361
1.277132
1.259265
1.259264
1.260674
1.260675
1.266980
1.268172
1.251594
1.219418
1.193281
1.191431
1.211865
1.241294
1.268855
1.290387
1.305468
1.314652
1.318984
1.319826
1.318561
1.316336
1.313840
1.311236
1.308725
1.306650
1.305123
1.304156
1.303748
1.303830
1.304243
1.305113
1.306545
1.308480
1.310820
1.313367
1.315684
1.317431
1.318201
1.317006
1.312482
1.303206
1.287923
1.265498
1.234585
1.193382
1.143812
1.101528
1.099360
1.156696
1.236606
1.279739
1.277532
1.260671
1.260670
1.261001
1.261002
1.266385
1.264576
1.246982
1.219418
1.201030
1.204076
1.224351
1.250476
1.273995
1.291778
1.303500
1.309748
1.311693
1.310788
1.308371
1.305435
1.302477
1.299519
1.296717
1.294401
1.292683
1.291590
1.291122
1.291209
1.291721
1.292760
1.294420
1.296652
1.299345
1.302317
1.305170
1.307652
1.309536
1.310022
1.307811
1.301395
1.289387
1.270652
1.244105
1.208340
1.164666
1.124925
1.115603
1.156929
1.225780
1.271025
1.275822
1.261326
1.261325
1.260659
1.260659
1.264896
1.260584
1.243244
1.220685
1.208854
1.215361
1.235007
1.258184
1.278093
1.292175
1.300382
1.303654
1.303411
1.301080
1.297791
1.294306
1.290944
1.287637
1.284535
1.281972
1.280062
1.278842
1.278307
1.278392
1.278996
1.280197
1.282084
1.284617
1.287673
1.291063
1.294390
1.297450
1.300185
1.302053
1.301971
1.298458
1.289876
1.274771
1.252095
1.221008
1.182811
1.146309
1.132228
1.159855
1.216702
1.261128
1.271918
1.260717
1.260716
1.259535
1.259535
1.262566
1.256293
1.240347
1.223321
1.217791
1.227462
1.246289
1.265874
1.280979
1.290432
1.294992
1.295851
1.294184
1.291002
1.287113
1.283134
1.279346
1.275683
1.272311
1.269563
1.267528
1.266228
1.265646
1.265721
1.266377
1.267682
1.269727
1.272493
1.275878
1.279695
1.283517
1.287103
1.290432
1.293122
1.294424
1.293287
1.288326
1.277874
1.260233
1.233968
1.200228
1.166271
1.148358
1.163870
1.208236
1.249513
1.265110
1.257922
1.257921
1.257781
1.257782
1.260164
1.253339
1.240618
1.229737
1.229303
1.239744
1.254910
1.268559
1.278465
1.284938
1.288111
1.288227
1.285847
1.281806
1.277012
1.272247
1.267903
1.263915
1.260402
1.257630
1.255620
1.254346
1.253768
1.253825
1.254467
1.255759
1.257798
1.260619
1.264193
1.268405
1.272849
1.277256
1.281508
1.285040
1.287001
1.286550
1.282964
1.275621
1.263722
1.245513
1.219405
1.189351
1.168598
1.173105
1.203963
1.238603
1.256285
1.252722
1.252721
1.255439
1.255440
1.255543
1.247207
1.235737
1.227470
1.228590
1.238473
1.252663
1.266896
1.278792
1.286036
1.287990
1.285554
1.280262
1.273672
1.267043
1.261177
1.256348
1.252318
1.249013
1.246529
1.244788
1.243703
1.243207
1.243243
1.243785
1.244891
1.246666
1.249202
1.252586
1.256863
1.261829
1.267413
1.273613
1.279746
1.284566
1.286520
1.284004
1.275810
1.261564
1.242796
1.220542
1.196439
1.178365
1.178987
1.202212
1.231845
1.249933
1.249030
1.249030
1.260246
1.260247
1.258832
1.251053
1.245627
1.248561
1.261935
1.280333
1.296069
1.303912
1.302625
1.296174
1.287228
1.277203
1.267509
1.259018
1.252108
1.246793
1.242837
1.239841
1.237584
1.235969
1.234877
1.234209
1.233904
1.233922
1.234252
1.234935
1.236048
1.237694
1.240006
1.243142
1.247215
1.252442
1.259158
1.267380
1.276701
1.286210
1.294433
1.299304
1.298932
1.288714
1.266455
1.234192
1.199582
1.177213
1.179824
1.202373
1.227002
1.237994
1.237993
1.225000
1.225000
1.225000
1.225000
1.225000
1.225000
1.225000
1.225000
1.225000
1.225000
1.225000
1.225000
1.225000
1.225000
1.225000
1.225000
1.225000
1.225000
1.225000
1.225000
1.225000
1.225000
1.225000
1.225000
1.225000
1.225000
1.225000
1.225000
1.225000
1.225000
1.225000
1.225000
1.225000
1.225000
1.225000
1.225000
1.225000
1.225000
1.225000
1.225000
1.225000
1.225000
1.225000
1.225000
1.225000
1.225000
1.225000
1.225000
1.225000
1.225000
1.225000
407.963152
386.550528
387.191950
386.944483
386.316425
385.485536
384.633541
384.055548
383.659362
382.406285
379.031985
335.641118
340.474544
350.795027
355.135936
360.671684
366.409041
372.924612
377.586465
377.026848
367.927378
342.010405
288.007918
203.176270
67.349410
0.000000
138.296090
288.734747
345.719536
375.131046
382.214282
377.673077
368.542314
357.016741
345.625017
336.591634
328.666913
322.548373
310.743385
335.641118
379.031985
382.406285
383.659362
384.055548
384.633541
385.485536
386.316425
386.944483
387.191950
386.550528
407.963152
390.770615
390.770479
392.053347
391.558421
390.302304
388.640525
386.936532
385.780550
384.988194
382.482068
375.733492
366.770107
357.104212
366.034914
370.158955
374.769759
378.419524
381.272185
382.093812
378.853124
368.519497
347.115393
311.455332
263.487083
218.998735
204.140562
231.928961
282.810702
327.785365
355.131639
367.275574
369.488149
366.202608
360.317546
353.754485
347.671832
341.149956
335.801188
326.681936
338.126891
359.126595
367.112674
364.883044
360.859420
359.759405
362.328701
367.442717
373.515510
379.229177
382.329937
382.330188
394.350152
394.350062
396.618606
397.357721
397.669851
398.156718
399.222639
400.796498
400.831231
395.073164
382.819324
376.163340
382.857608
390.763920
396.321989
401.896560
406.522354
409.658212
409.489478
403.552172
389.117301
364.992907
334.369596
305.535481
289.993235
288.565905
297.942642
320.157717
351.618621
379.331168
397.011724
403.808706
402.426304
396.250453
387.951041
379.444639
371.258525
364.264245
353.122055
344.531266
359.467983
382.566203
393.942809
394.390750
390.357126
385.274986
380.476206
377.161124
377.033687
379.092854
379.093107
397.610688
397.610632
400.937253
402.401507
403.135615
404.038258
405.476348
406.675562
404.690959
395.970470
384.588966
383.561589
392.297246
398.892213
403.876376
407.657145
409.502466
408.211491
402.111578
389.821699
371.100403
348.907069
330.083193
321.103087
321.498289
323.463822
322.767274
325.273048
338.241829
359.334162
380.689861
395.793659
402.894286
403.340194
399.236422
392.726732
385.377918
378.299838
368.832041
354.322377
354.517585
376.939203
395.764559
400.497736
398.169841
394.353165
389.858156
384.449223
379.972171
378.323268
378.323489
400.377145
400.377113
404.034596
405.224940
405.507737
406.143276
407.149130
406.841214
402.052992
391.773704
384.922286
389.454360
397.061351
402.463272
406.254690
408.248506
407.673488
403.473304
395.047670
382.763289
368.380388
355.529825
347.638981
344.547339
343.923957
344.173210
344.632230
346.190617
350.926938
360.812820
374.848121
388.625247
398.472683
403.200069
403.090694
399.333241
393.473407
386.822461
379.374778
366.515837
353.437067
364.175780
387.746660
399.936976
401.656157
400.407677
398.293826
393.768835
386.591425
380.207932
380.208092
402.446394
402.446377
405.470349
405.546085
405.066129
405.381706
405.884483
404.387026
398.307674
389.503759
388.132849
395.170972
401.536139
405.552561
407.837264
407.912378
405.153302
399.145230
390.371973
380.159375
370.446358
363.429258
359.852946
358.462281
358.127616
358.320826
358.448036
359.181744
361.261344
365.966225
374.260573
384.604618
394.230729
401.149457
404.280722
403.574263
399.924907
394.422504
388.147797
378.451536
361.567501
357.558247
378.212962
395.845709
400.860290
400.893491
400.790257
399.346759
393.080669
383.711511
383.711603
403.734490
403.734482
405.599929
404.704240
404.140591
404.697555
404.939852
402.620459
396.403672
390.792783
393.601768
400.422222
405.069576
407.584288
408.222484
406.493006
402.232514
395.751377
388.154624
380.817818
374.954921
371.369059
369.746568
369.109468
369.043341
369.222038
369.125849
369.314567
370.177373
372.296932
376.720372
383.410827
391.051645
398.100955
403.059624
404.960257
403.816460
400.155254
395.043557
387.912496
373.693797
359.874944
371.098114
390.425351
398.122119
398.772209
399.344842
400.705542
397.541619
387.664294
387.664327
404.357064
404.357059
405.116336
403.954376
403.998233
404.984373
404.880741
401.906861
396.372590
394.183469
398.970784
404.371628
407.328522
408.368374
407.499853
404.496254
399.674076
393.781382
387.971599
383.154805
379.784134
377.945782
377.163980
376.832016
376.809436
376.923111
376.797332
376.814378
377.171438
378.119055
380.396699
384.395502
389.742637
395.677631
401.003976
404.457274
405.399346
403.740997
400.108967
394.768408
384.368349
368.016125
368.685650
386.295320
396.348747
397.481975
397.320891
399.563353
399.611304
391.173193
391.173179
404.551621
404.551617
404.617302
403.831451
404.626541
405.683964
404.935575
401.574096
397.504258
398.127745
403.110851
406.844617
408.341389
408.095049
406.119837
402.517656
397.909963
393.138544
389.069308
386.094822
384.213572
383.273183
382.885230
382.689097
382.665540
382.730912
382.601856
382.552123
382.673915
383.055960
384.172479
386.432138
389.874680
394.315208
399.080246
403.066850
405.362477
405.413767
403.370524
399.510365
392.117264
377.686499
370.683999
383.682629
395.382615
397.534222
396.401451
397.794078
399.865054
393.793160
393.793114
404.555835
404.555830
404.389816
404.247627
405.502915
406.189639
404.759757
401.544091
399.384819
401.760094
405.956097
408.170459
408.471247
407.254340
404.657803
401.030571
397.084840
393.521226
390.839166
389.072632
388.039701
387.565817
387.377540
387.260190
387.243427
387.282466
387.155173
387.064799
387.058697
387.152712
387.644624
388.853845
390.935482
393.995913
397.801739
401.602206
404.520902
405.773721
405.135949
402.649750
397.465565
386.216960
375.695938
382.697247
394.643879
398.295734
396.880080
396.670591
399.211257
395.469420
395.469355
404.535376
404.535369
404.459667
404.910329
406.244458
406.348129
404.507328
401.983431
401.640577
404.681676
407.734088
408.698420
408.086025
406.247158
403.448796
400.162208
397.028523
394.516210
392.826069
391.809633
391.256782
391.034205
390.954112
390.885318
390.873903
390.895188
390.773137
390.659947
390.582084
390.524748
390.676681
391.269058
392.453501
394.432971
397.244442
400.484191
403.477472
405.419796
405.852853
404.589019
401.112656
392.816457
382.024464
383.569267
394.090774
399.097020
398.238123
396.617128
398.420478
396.380851
396.380778
404.571290
404.571282
404.738270
405.603447
406.745069
406.282651
404.397832
402.879159
403.869259
406.792007
408.700298
408.699358
407.455557
405.311966
402.615839
399.848755
397.497118
395.806445
394.786531
394.227292
393.951603
393.871411
393.853380
393.814773
393.805391
393.813367
393.698083
393.574108
393.456257
393.317162
393.278702
393.508263
394.122362
395.323177
397.274838
399.831444
402.560414
404.773455
405.917191
405.647154
403.540735
397.649876
388.256485
386.045177
393.962769
399.662659
399.851629
397.502743
397.969278
396.798879
396.798809
404.683533
404.683523
405.132305
406.232581
407.031222
406.136899
404.522002
404.050497
405.782241
408.168876
409.089603
408.391292
406.772787
404.575154
402.166695
399.963931
398.280198
397.192291
396.611271
396.329525
396.217326
396.220889
396.240169
396.221820
396.213869
396.212246
396.103654
395.974708
395.834081
395.650433
395.503281
395.517606
395.775262
396.441114
397.716377
399.614214
401.913366
404.101168
405.637474
406.099891
405.085635
401.102607
393.626232
389.501951
394.455675
400.039995
401.323514
398.992762
398.066341
396.994202
396.994144
404.862551
404.862539
405.582546
406.767209
407.148505
406.004962
404.874474
405.292646
407.258470
408.962069
409.099659
407.940951
406.160512
404.082572
402.049046
400.375517
399.223216
398.561093
398.262903
398.149967
398.136036
398.190204
398.232687
398.228726
398.222158
398.213496
398.111101
397.980357
397.826908
397.619570
397.410015
397.295753
397.332426
397.640665
398.412530
399.743232
401.566407
403.548563
405.229607
406.175813
405.999762
403.517116
397.919009
393.290944
395.594186
400.376252
402.480601
400.742424
398.734263
397.189126
397.189086
405.091400
405.091386
406.057761
407.191944
407.139646
405.950915
405.410033
406.451675
408.297418
409.328791
408.886379
407.464628
405.682403
403.828287
402.188555
400.972124
400.224748
399.857060
399.739681
399.729316
399.774790
399.859745
399.916724
399.923118
399.917779
399.903850
399.807142
399.676776
399.516973
399.298392
399.053801
398.863075
398.763929
398.837090
399.246560
400.119633
401.489411
403.175442
404.827236
406.047025
406.478502
405.160914
401.205821
396.919091
397.250579
400.803942
403.297765
402.469944
399.885083
397.540798
397.540780
405.356867
405.356850
406.539322
407.495130
407.056523
406.020201
406.063430
407.436521
408.960120
409.406600
408.566313
407.036755
405.361750
403.780986
402.512788
401.671318
401.224161
401.057561
401.054839
401.105687
401.186141
401.289155
401.354823
401.368697
401.364445
401.346528
401.255165
401.126816
400.965128
400.743241
400.480715
400.246123
400.065387
399.986396
400.140391
400.658331
401.629311
402.989927
404.502439
405.832334
406.671381
406.239835
403.651037
400.101425
399.211856
401.407646
403.837650
403.974903
401.371775
398.140589
398.140593
405.656381
405.656358
407.014388
407.680259
406.969028
406.238483
406.762173
408.209258
409.330299
409.309620
408.225216
406.701531
405.198726
403.902362
402.962301
402.417253
402.188145
402.157475
402.226263
402.311664
402.410870
402.523225
402.593507
402.612828
402.609646
402.588755
402.502571
402.377515
402.217153
401.997335
401.728247
401.471219
401.244291
401.069005
401.045651
401.294860
401.931508
402.974484
404.287447
405.609965
406.691541
406.910431
405.423915
402.732000
401.259275
402.220287
404.213876
405.143415
403.021788
399.020613
399.020637
406.006623
406.006594
407.474436
407.768813
406.941990
406.590869
407.434366
408.777037
409.502786
409.135083
407.924803
406.482053
405.183263
404.158162
403.493905
403.175225
403.100775
403.160445
403.272212
403.374444
403.481113
403.596590
403.668581
403.691946
403.689961
403.667011
403.586080
403.465459
403.308828
403.094902
402.827325
402.562853
402.313583
402.079554
401.934677
401.984421
402.350166
403.103206
404.191206
405.429735
406.627942
407.299457
406.672062
404.806598
403.205046
403.220896
404.563772
405.963884
404.683061
400.181518
400.181557
406.402776
406.402737
407.851385
407.745384
406.988766
407.032521
408.054223
409.205096
409.575919
408.953082
407.701837
406.391931
405.308695
404.526052
404.081372
403.927223
403.957237
404.073787
404.208921
404.315950
404.421985
404.535860
404.607232
404.633405
404.632719
404.608680
404.533486
404.418790
404.268179
404.063283
403.803558
403.543008
403.288354
403.021421
402.795023
402.700032
402.853927
403.355497
404.213939
405.318093
406.543817
407.521953
407.549109
406.399137
404.922459
404.314360
404.948765
406.440248
406.187056
401.595673
401.595723
406.746515
406.746462
408.044133
407.663248
407.190512
407.589178
408.642747
409.524125
409.575350
408.793929
407.600767
406.467613
405.587118
404.998634
404.712567
404.666157
404.757426
404.903603
405.047835
405.151557
405.250852
405.358766
405.426835
405.454010
405.454327
405.430278
405.361908
405.255610
405.114207
404.921986
404.676108
404.428849
404.181607
403.901175
403.624994
403.431549
403.430161
403.730294
404.375422
405.305540
406.467037
407.629218
408.177761
407.660118
406.436717
405.461177
405.406325
406.553776
407.223496
403.043448
403.043507
406.956825
406.956757
408.154215
407.735514
407.595778
408.138042
409.049734
409.675415
409.568429
408.810407
407.761732
406.778165
406.029987
405.565365
405.376040
405.385331
405.499160
405.651692
405.794613
405.889558
405.976465
406.072932
406.133597
406.158718
406.159000
406.136040
406.076185
405.982034
405.854849
405.680865
405.456003
405.230370
404.999557
404.720526
404.423735
404.176903
404.077193
404.239398
404.730608
405.507334
406.525940
407.654112
408.472365
408.442464
407.549329
406.495641
406.009429
406.580260
407.761504
404.290889
404.290957
407.519766
407.519690
408.904874
408.614959
408.733248
409.281832
410.061712
410.510996
410.244489
409.354487
408.231864
407.264495
406.581785
406.200593
406.065863
406.088033
406.189795
406.326035
406.456719
406.535990
406.602271
406.678824
406.725876
406.744575
406.743021
406.722071
406.672753
406.595396
406.489413
406.342391
406.149318
405.955376
405.748056
405.481468
405.191671
404.936125
404.789214
404.861168
405.259128
405.998674
407.032636
408.154673
408.989351
409.114709
408.407445
407.403835
406.815202
406.932064
408.215540
405.408472
405.408545
409.367884
409.367819
411.523866
411.652142
412.117078
412.530645
412.761745
412.404735
411.329089
409.869158
408.659486
407.898569
407.393116
407.081964
406.926427
406.880052
406.903521
406.973423
407.060091
407.104204
407.134415
407.177975
407.203188
407.210461
407.204935
407.186664
407.149934
407.094219
407.017848
406.910625
406.767885
406.625835
406.462096
406.237536
406.007734
405.817418
405.703909
405.729046
405.978703
406.532984
407.518872
409.052490
410.663719
411.524269
411.411155
410.776124
410.241967
409.738826
410.328463
407.366875
407.366945
411.659516
411.659471
413.748127
413.810322
414.118615
413.982281
413.561169
412.826293
412.068215
411.498130
411.156049
410.572583
409.768402
408.994108
408.405030
408.015074
407.784808
407.671103
407.636185
407.604395
407.578320
407.575208
407.571558
407.564066
407.553446
407.538648
407.516287
407.486064
407.447043
407.394382
407.327974
407.273927
407.213463
407.135651
407.125472
407.231139
407.489315
407.918168
408.456775
408.885307
408.894221
408.928087
409.814155
411.329924
412.817916
413.892836
414.639967
414.340877
414.207451
411.051908
411.051954
416.237397
416.237444
417.436406
417.623321
419.660948
422.915283
426.468664
428.538957
428.046455
425.052188
420.502172
416.544759
413.615872
411.465355
410.024713
409.120525
408.574504
408.254108
408.074023
407.962090
407.892781
407.854423
407.830534
407.814226
407.802340
407.793040
407.784787
407.777926
407.773531
407.773577
407.784707
407.825595
407.911202
408.071780
408.398469
408.996301
410.014838
411.631956
413.963317
416.941917
420.819747
424.350837
425.491755
423.625565
418.599486
412.139136
407.229348
405.533346
407.442293
409.490638
409.490632
407.963152
407.963152
407.963152
407.963152
407.963152
407.963152
407.963152
407.963152
407.963152
407.963152
407.963152
407.963152
407.963152
407.963152
407.963152
407.963152
407.963152
407.963152
407.963152
407.963152
407.963152
407.963152
407.963152
407.963152
407.963152
407.963152
407.963152
407.963152
407.963152
407.963152
407.963152
407.963152
407.963152
407.963152
407.963152
407.963152
407.963152
407.963152
407.963152
407.963152
407.963152
407.963152
407.963152
407.963152
407.963152
407.963152
407.963152
407.963152
407.963152
407.963152
407.963152
21.378865
14.963451
15.372318
15.348878
14.954139
13.895991
11.715456
8.446759
5.794308
7.560743
16.253376
-0.667460
42.750387
38.536597
33.589240
27.977338
20.841753
11.506719
-0.775008
-16.472663
-35.755705
-57.912856
-79.927561
-96.880695
-70.615878
44.021813
145.003494
137.677609
95.943610
63.521197
37.144127
16.500897
0.756445
-11.015876
-19.659535
-26.109446
-31.085764
-35.433560
-39.017307
-0.667460
16.253376
7.560743
5.794308
8.446759
11.715456
13.895991
14.954139
15.348878
15.372318
14.963451
21.378865
15.054871
15.054805
15.872552
15.825680
15.036210
12.919917
8.558842
2.021435
-3.283485
0.249377
17.634674
40.030955
30.636283
20.914452
14.336120
4.902862
-7.771645
-23.773983
-43.258127
-65.986932
-90.733228
-113.327900
-125.214118
-113.560049
-57.190643
56.035340
154.632950
183.495652
169.599483
140.097324
106.982130
76.335274
50.523336
29.568065
12.801961
-0.384222
-9.866546
-17.050765
-30.615762
-31.087384
8.031988
39.754523
52.630961
51.532348
43.331658
32.750613
23.291917
17.080986
14.639035
14.871901
14.871966
15.173962
15.173897
15.977342
16.200544
15.844359
14.155379
10.142406
4.855998
3.969562
13.529886
27.876478
33.667810
26.595179
19.105580
11.136861
0.053023
-13.607771
-29.793769
-47.786427
-65.769453
-80.188110
-84.441461
-71.299726
-40.991589
-2.442400
40.549502
82.107435
114.589220
132.057121
130.062046
112.725296
88.642309
64.193308
42.106751
23.331120
7.920301
-4.384943
-13.475826
-23.611929
-31.661261
-17.026990
14.380378
35.237862
37.156240
30.429255
22.854821
17.145488
14.109259
13.706182
14.936479
14.936549
15.435029
15.434966
16.158895
16.251037
15.552805
13.021797
7.989912
3.794488
8.435880
22.680683
31.610804
27.008482
19.124927
11.591011
2.048613
-10.085872
-24.052167
-39.058974
-53.073210
-63.060640
-65.130156
-55.104649
-33.003789
-7.202274
14.112515
32.996432
51.915519
72.564028
94.426002
108.700352
108.861261
97.132426
79.136931
59.063808
39.628591
22.406527
7.765463
-3.741993
-13.321601
-24.057723
-27.627235
-5.843176
26.450595
40.338413
36.774671
28.231860
20.681016
15.577279
13.719908
15.021079
15.021144
15.668335
15.668275
16.206581
16.274849
15.445209
12.423792
7.542502
6.424243
15.858724
28.905911
30.208413
21.077770
12.108682
3.980790
-6.070661
-17.741745
-29.929627
-41.047226
-48.567765
-49.886842
-43.126480
-28.235859
-9.216236
7.171245
18.698405
29.291695
39.977621
51.684886
67.358502
83.555047
93.042145
92.675130
83.984303
69.791559
53.035501
36.257712
20.857918
7.779105
-2.644135
-13.796665
-25.316177
-19.046004
12.233924
36.624992
37.957684
29.202977
21.235139
15.982296
13.656050
15.005103
15.005171
15.875612
15.875554
16.171964
16.221092
15.140211
11.631229
7.756905
10.728772
22.977744
31.066977
25.247338
14.248353
5.552962
-2.705790
-12.435098
-22.620189
-31.812635
-38.235217
-39.898630
-35.644298
-25.779202
-12.304374
1.264464
11.830079
19.471608
26.995966
34.560763
42.327006
52.855006
65.688881
76.853698
82.537687
81.377781
73.847885
61.697504
47.313681
32.604216
18.993783
7.832818
-2.608757
-16.049497
-23.304215
-3.594127
26.595490
36.225286
29.666675
21.762685
16.655997
13.941567
14.881645
14.881716
16.030492
16.030435
16.138660
16.211962
14.795612
11.020562
8.922620
15.575440
27.495587
29.267093
18.903633
7.699102
-0.504686
-8.402631
-16.965383
-24.785883
-30.383268
-32.387127
-29.846586
-22.949907
-13.071803
-2.280365
7.412093
14.769039
20.182154
25.523348
30.899934
36.415629
43.876554
53.527755
63.550704
71.341156
74.810727
72.888850
65.831491
55.102650
42.436030
29.478626
18.041411
7.977975
-4.795407
-19.006213
-13.580603
15.057552
32.951839
30.141923
22.202693
17.122140
14.295521
14.621150
14.621226
16.118727
16.118672
16.134128
16.174427
14.296184
10.647072
10.969018
20.173672
29.183884
25.104303
12.648874
2.184035
-5.344904
-12.346719
-19.081488
-24.112243
-26.285093
-24.946499
-20.117064
-12.695738
-4.123627
4.174577
11.259772
16.615868
20.581532
24.475651
28.401003
32.461834
37.959577
45.221657
53.431335
61.156940
66.691381
68.512581
65.865646
59.129635
49.384719
38.111104
27.165525
17.306226
5.864033
-10.266196
-16.580330
4.183467
27.523019
29.928218
22.516556
17.328120
14.629322
14.305323
14.305404
16.156368
16.156313
16.167280
16.038809
13.674848
10.693167
13.650183
23.748267
28.463874
20.055782
7.212982
-2.118093
-8.723153
-14.395366
-19.008834
-21.376141
-20.856197
-17.483232
-11.867648
-5.023245
1.980680
8.328061
13.638428
17.680275
20.720288
23.722143
26.748696
29.872274
34.055301
39.593094
46.114783
52.916231
58.880583
62.678656
63.186960
59.982225
53.375655
44.393364
34.674494
25.270790
15.023662
-0.534547
-14.122378
-3.946878
20.627011
28.940041
23.027868
17.518803
14.929937
14.027596
14.027680
16.172042
16.171988
16.214123
15.765563
13.074861
11.324474
16.599189
25.847784
26.035748
15.063485
2.870240
-5.186446
-10.662715
-14.787018
-17.330231
-17.500261
-15.169786
-10.840948
-5.324712
0.566784
6.183769
11.106001
15.205131
18.362738
20.778745
23.175029
25.590394
28.078384
31.364571
35.685207
40.862451
46.576379
52.174029
56.718078
59.150299
58.648206
54.904936
48.391191
40.363752
31.819201
22.560714
8.481762
-8.390561
-8.300586
13.271596
26.851804
23.607535
17.821942
15.179827
13.843866
13.843952
16.190137
16.190083
16.230771
15.360820
12.650324
12.514844
19.329150
26.391791
22.671686
10.647945
-0.361468
-7.101050
-11.330809
-13.899269
-14.650512
-13.211009
-9.849474
-5.285121
-0.277036
4.648138
9.159855
13.053946
16.304780
18.840958
20.811442
22.769879
24.743118
26.776024
29.427290
32.879205
37.038740
41.770888
46.714584
51.295237
54.705442
56.041965
54.627648
50.437340
44.276985
36.929024
28.622213
16.151161
-1.382941
-9.065026
6.581401
23.589203
23.965284
18.308331
15.406220
13.775561
13.775646
16.219118
16.219065
16.174195
14.874772
12.517401
14.092243
21.440914
25.625668
19.037872
7.042279
-2.572352
-8.007966
-10.979358
-12.137536
-11.479336
-8.990909
-5.179818
-0.789958
3.582308
7.661540
11.321296
14.463608
17.101037
19.185202
20.829010
22.465511
24.113655
25.812457
27.999897
30.816272
34.209656
38.130058
42.380576
46.652234
50.413689
52.861708
53.175020
50.973707
46.631404
40.661746
33.372864
22.368500
5.579297
-7.117297
1.473054
19.460773
23.820525
18.964407
15.667184
13.820913
13.820994
16.248103
16.248051
16.016435
14.381508
12.727497
15.821577
22.735429
23.951713
15.586427
4.286440
-3.900533
-8.091569
-9.888382
-9.869110
-8.195384
-5.115847
-1.235900
2.787258
6.537403
9.920794
12.928977
15.512193
17.694805
19.442004
20.840923
22.235541
23.639440
25.087505
26.927989
29.269293
32.081718
35.353395
38.973618
42.806875
46.552142
49.575293
51.067209
50.445405
47.727136
43.160624
36.955646
27.256042
11.820199
-3.511963
-1.651482
14.980894
22.991356
19.689678
16.024517
13.971872
13.971946
16.251235
16.251184
15.751936
13.960812
13.268162
17.472010
23.196345
21.773759
12.564930
2.313476
-4.506166
-7.553045
-8.322433
-7.386383
-5.044379
-1.706607
2.023658
5.620166
8.819837
11.645999
14.154129
16.314317
18.152348
19.642512
20.853327
22.061476
23.277135
24.532381
26.107470
28.086802
30.453763
33.212864
36.296311
39.675005
43.216029
46.456829
48.684855
49.239649
47.880471
44.625137
39.516937
30.999727
17.082411
0.836366
-2.859056
10.702178
21.450398
20.337348
16.523382
14.229494
14.229558
16.194966
16.194916
15.397157
13.682293
14.074580
18.858186
22.933018
19.422326
10.073801
1.011083
-4.550070
-6.584131
-6.502498
-4.896385
-2.161018
1.215843
4.690402
7.869893
10.605022
12.988566
15.109182
16.943529
18.515054
19.804983
20.868360
21.929758
22.997377
24.101367
25.469299
27.167645
29.188382
31.542303
34.181637
37.140561
40.399629
43.640634
46.278599
47.659556
47.378950
45.273725
41.215233
33.783680
21.337472
5.272211
-2.498367
7.081880
19.316352
20.753975
17.176416
14.610926
14.610978
16.045733
16.045685
14.987522
13.596324
15.046300
19.858269
22.120494
17.137061
8.121714
0.254885
-4.181967
-5.351384
-4.596685
-2.529927
0.398645
3.683859
6.866346
9.669584
12.021605
14.053422
15.870307
17.449372
18.810709
19.941360
20.886770
21.830243
22.779101
23.762161
24.965322
26.441814
28.189839
30.221881
32.498222
35.090134
38.051021
41.172490
43.996825
45.924142
46.461529
45.315653
42.210677
35.773716
24.670291
9.400939
-1.023364
4.395116
16.806717
20.813380
17.957088
15.149558
15.149596
15.782912
15.782864
14.575678
13.727152
16.063708
20.419970
20.951855
15.071775
6.666862
-0.078083
-3.536792
-3.989333
-2.720782
-0.357931
2.627320
5.752045
8.646033
11.124894
13.165116
14.916835
16.493285
17.869111
19.061041
20.061477
20.909408
21.754821
22.605281
23.488999
24.558261
25.856782
27.387679
29.163006
31.144694
33.425609
36.103896
39.048804
41.914970
44.179260
45.314553
44.938031
42.658350
37.115803
27.205236
13.021755
1.128313
2.735743
14.187088
20.438272
18.794108
15.881244
15.881266
15.409801
15.409752
14.216458
14.061149
17.010472
20.568105
19.619856
13.308528
5.631522
-0.108498
-2.726184
-2.592388
-0.944947
1.587533
4.541831
7.480368
10.112715
12.321488
14.110920
15.639437
17.023788
18.234553
19.285709
20.175037
20.937701
21.696630
22.460814
23.258815
24.215646
25.368552
26.724905
28.295497
30.040146
32.064420
34.492853
37.244746
40.064369
42.512114
44.068595
44.296349
42.710226
37.948665
29.068885
16.048246
3.581857
2.043704
11.725314
19.627534
19.584607
16.816546
16.816550
14.939603
14.939550
13.953577
14.566294
17.809686
20.376868
18.253824
11.835979
4.915476
0.076377
-1.815018
-1.221744
0.679724
3.288941
6.170668
8.932427
11.343914
13.334460
14.924046
16.273833
17.501790
18.573801
19.502319
20.291013
20.973321
21.650108
22.332823
23.051235
23.908377
24.937704
26.150942
27.557740
29.113615
30.931811
33.153327
35.727729
38.461140
40.983149
42.808059
43.489974
42.486814
38.418924
30.420068
18.496740
6.044702
2.124815
9.607927
18.435938
20.225535
17.939501
17.939486
14.351579
14.351520
13.790051
15.134534
18.325930
19.850655
16.902877
10.661663
4.517136
0.459619
-0.873612
0.027192
2.092123
4.750260
7.570417
10.187032
12.418321
14.232807
15.661163
16.863786
17.958672
18.907328
19.722658
20.414831
21.016882
21.611452
22.212848
22.852056
23.614544
24.532395
25.622391
26.894227
28.298225
29.951948
32.008360
34.441420
37.103225
39.662765
41.644581
42.606676
42.023034
38.567514
31.386022
20.500275
8.430030
2.855919
8.032849
17.005247
20.641657
19.243382
19.243348
13.663864
13.663796
13.763690
15.699570
18.609055
19.270216
15.883285
9.949519
4.396353
0.827248
-0.141275
1.043242
3.326266
6.078436
8.853071
11.334150
13.403767
15.067126
16.358533
17.433469
18.408529
19.241500
19.948169
20.545504
21.066672
21.578726
22.098525
22.657239
23.325917
24.137210
25.113782
26.267472
27.543080
29.058211
30.969883
33.276199
35.889064
38.532381
40.716833
41.913169
41.537036
38.384471
31.792175
21.863572
10.475272
4.008631
7.183280
15.676330
20.903884
20.788407
20.788350
13.190229
13.190152
14.111405
16.417796
18.867842
18.699957
14.833214
8.963334
3.783387
0.756979
0.457939
2.168217
4.705386
7.453065
10.080853
12.384713
14.299019
15.833551
17.009184
17.974511
18.842093
19.566684
20.170089
20.676345
21.118865
21.551161
21.992250
22.472273
23.049972
23.759862
24.631572
25.682868
26.852315
28.251443
30.025200
32.167259
34.637462
37.273042
39.704441
41.398597
41.564094
38.742624
32.342706
22.897772
12.013129
4.969987
6.439024
14.058775
20.524118
22.123468
22.123391
13.390635
13.390550
14.748384
16.905194
18.559198
17.536726
13.426740
8.064674
3.861784
1.869623
2.176029
3.867290
6.080036
8.492626
10.906163
13.108413
14.971414
16.456592
17.568394
18.460410
19.241416
19.870159
20.379397
20.801279
21.169910
21.527508
21.895336
22.302336
22.796917
23.416992
24.202209
25.184933
26.304408
27.667428
29.408192
31.466847
33.733904
36.028186
38.106424
39.748178
40.514921
38.979155
33.795126
25.106618
14.562556
6.919716
6.619904
12.659139
19.446795
22.551699
22.551610
13.744795
13.744705
15.571014
18.232802
20.219528
19.742971
16.424347
11.690812
7.257579
3.938375
2.494535
3.195058
5.241471
7.949539
10.784232
13.335257
15.404814
16.971411
18.091122
18.944263
19.643399
20.176790
20.592052
20.928736
21.221198
21.502438
21.795176
22.126923
22.537505
23.069008
23.773891
24.710621
25.857254
27.339420
29.331283
31.789201
34.523326
37.129551
39.013260
39.596443
38.290111
34.729424
29.057662
21.526106
12.850650
6.745925
7.094585
13.095994
20.163264
23.718988
23.718879
10.949327
10.949185
12.451420
15.209354
16.256255
13.676343
7.572182
0.363315
-5.023153
-6.944667
-4.754708
-0.376188
4.239955
8.484695
12.036780
14.773126
16.754282
18.133856
19.078857
19.753885
20.254262
20.616255
20.887115
21.101089
21.284901
21.460262
21.645127
21.860020
22.132538
22.498665
23.007877
23.727681
24.714673
26.099584
28.083988
30.824557
34.392202
38.661505
43.238350
47.504596
50.438106
48.842223
41.514636
29.719655
15.677555
4.407573
1.409448
7.354160
17.137368
23.328010
23.327867
21.378865
21.378865
21.378865
21.378865
21.378865
21.378865
21.378865
21.378865
21.378865
21.378865
21.378865
21.378865
21.378865
21.378865
21.378865
21.378865
21.378865
21.378865
21.378865
21.378865
21.378865
21.378865
21.378865
21.378865
21.378865
21.378865
21.378865
21.378865
21.378865
21.378865
21.378865
21.378865
21.378865
21.378865
21.378865
21.378865
21.378865
21.378865
21.378865
21.378865
21.378865
21.378865
21.378865
21.378865
21.378865
21.378865
21.378865
21.378865
21.378865
21.378865
21.378865
321431.271000
323096.689201
323531.317959
323339.822781
322898.453565
322295.781283
321488.115602
319913.783648
315618.726704
306169.111381
292891.474669
218366.431115
225383.325572
236331.540043
245199.599781
254233.564269
263780.425992
275802.857996
290737.456581
308798.907749
330524.012705
355464.765449
381753.873032
405734.914206
425180.382910
432769.342513
408902.283415
383870.481743
353779.903268
323882.972308
296189.347694
272601.557442
253330.764644
237503.958453
224997.079494
215788.728395
207849.502869
200321.252299
189910.324797
218366.431115
292891.474669
306169.111381
315618.726704
319913.783648
321488.115602
322295.781283
322898.453565
323339.822781
323531.317959
323096.689201
321431.271000
324349.573089
324349.620821
325218.895380
324835.912370
323953.178737
322747.837259
321132.508639
317983.851627
309393.744671
290494.495608
263939.160202
241824.101854
231528.577614
241753.451401
250444.876921
259102.570674
267966.173276
278946.297370
293079.248854
311060.815817
333358.281499
360048.022708
389302.400990
415254.519733
437061.288933
444812.936702
420085.220521
387551.373725
356448.223134
324273.751872
295694.204654
272332.858104
253762.225672
239228.921633
228176.760245
219966.589985
212553.172865
205409.830102
196485.455682
210133.553801
244647.913965
267864.871004
278438.028403
285138.130457
293180.277471
302336.268125
310855.050019
317387.136298
321201.773079
321843.831699
321843.818440
325346.647144
325346.707708
326517.611145
326696.268480
326809.380881
327326.652265
328205.660800
326785.549314
315171.829183
287030.727093
254414.944003
241511.909897
249224.248409
261507.655038
272122.349409
283101.249290
295595.304984
311010.403509
329739.897685
351658.018921
375828.579995
399901.374492
419463.667359
428233.405424
429771.249035
430588.025636
426083.717209
419403.871236
403448.972792
377163.659505
347820.122186
319955.511051
295537.651665
275084.337039
258560.329824
245793.602530
235692.346522
226881.090070
214618.847024
206217.506391
224695.660816
264168.735984
295969.219692
310796.451160
316727.815623
319526.243231
320598.387121
320736.342087
320855.290672
320749.285216
320749.266857
326322.826647
326322.898115
327860.553258
328255.927542
328654.334472
329843.102652
331288.648922
327743.232786
309302.405990
276059.053497
249581.828833
247256.913054
260230.530182
273194.937688
284812.684551
296829.894820
310552.358237
326486.297952
344303.443973
363166.091764
381295.964971
396257.269932
406212.835701
410753.302485
413841.330261
415190.153766
410475.174612
404626.006208
396397.047771
381757.705523
361926.536555
339494.432866
317156.169211
296592.585909
278577.761880
263615.909534
251630.170109
241551.948724
229493.932839
213761.324014
212743.491505
243740.093552
285683.187135
310422.292490
319055.933350
322030.232176
323112.487534
322752.635687
321670.754939
320348.361440
320348.335321
327146.618176
327146.696833
328807.657063
329209.054848
329899.279059
331891.093608
333302.208639
325639.121754
299746.132325
265918.632395
249799.065207
256534.500943
270757.243376
283997.255339
296440.816604
309555.566025
324153.448121
340027.899436
356449.942173
372351.683856
386063.089000
396063.285894
401889.417370
403761.241347
404363.343683
404511.125953
402602.327154
400144.985990
395651.109093
386284.191977
372191.712352
354371.311962
334761.265416
315169.285056
296698.883288
280234.553422
266385.095853
254779.576895
243188.395466
227142.865130
212166.779183
224162.416693
266832.323789
305407.826845
322241.845606
326815.374124
327615.442186
326541.966050
323967.132408
320746.113395
320746.066585
327784.225580
327784.309097
329215.280020
329356.048595
330298.899768
332886.522435
333167.237100
320428.893695
290018.630269
261026.945390
255164.592832
267096.224293
281910.288577
295290.199058
308233.539686
321764.476526
336087.284818
350527.731979
364205.577736
376176.390763
385296.475439
391048.238798
393898.786955
394567.210454
394748.391423
394847.028701
393725.127764
392427.313932
390126.626998
384845.382670
375955.189365
363280.841923
347737.192782
330731.881129
313357.575867
296680.208875
281742.998770
268819.782705
256805.933723
241735.651045
221621.377597
216002.864888
248669.453626
296132.788658
322920.563891
329789.168313
330055.805627
328955.083624
326190.893570
321654.953311
321654.883685
328201.354182
328201.440605
329205.090511
329199.715985
330718.847678
333751.895284
331848.371047
313969.351282
282650.424453
261590.620256
263867.997798
278000.871204
292645.042110
305937.687493
318889.378869
332006.597883
345079.791979
357286.200778
367903.566450
376369.980284
382158.774872
385421.504888
386877.291106
387116.392248
387172.900190
387235.458926
386496.685270
385703.690820
384399.700536
381307.991907
375772.131962
367158.718413
355577.601090
341815.753305
326627.372199
310961.039051
295982.691789
282371.705059
269768.167440
255465.477632
235386.673578
218584.365039
235371.242907
283191.452925
319981.629024
331240.653310
331244.529652
330028.789709
327832.869402
322808.210771
322808.118471
328413.453084
328413.540868
328991.206227
329148.822504
331481.507829
334490.415034
329534.811915
307607.869020
278697.425440
266027.411668
273652.256952
288378.810904
302526.981042
315444.832676
327877.071164
339937.304512
351210.429888
360960.248681
368768.970705
374469.041777
377990.847846
379792.431508
380531.940209
380584.540078
380580.926157
380617.883618
380129.453566
379635.044338
378874.553007
377035.701164
373629.639676
367960.446379
359692.115578
349089.337173
336498.221115
322572.914973
308376.505760
294764.117295
281858.711031
267912.654162
249196.108791
227717.985348
229544.594768
270505.548824
314839.068015
332273.455116
332460.685275
330396.961194
328732.126717
323942.471681
323942.358243
328480.528596
328480.616659
328780.247104
329397.339387
332491.553090
334717.347156
326227.249109
302114.902382
277973.116094
272604.612278
283215.864538
297737.549836
311216.227384
323464.467186
334948.904856
345551.766911
354833.719613
362278.858650
367791.557091
371498.126600
373582.127865
374559.055069
374921.492985
374885.469790
374852.974857
374878.465154
374545.116515
374232.540079
373785.990015
372673.518271
370572.361870
366901.129213
361164.371828
353288.344406
343273.186130
331428.035704
318572.823021
305544.634050
292743.412041
279044.915455
261595.594838
239400.331137
230524.847526
260489.756863
307909.720438
332423.464620
333968.199921
330635.529085
329026.292209
324892.441880
324892.310030
328470.846547
328470.934160
328687.038220
329921.329265
333467.809852
334164.891152
322317.601221
298146.660714
279842.178368
280045.004876
292039.419972
305954.584465
318599.663751
329927.336372
340186.708381
349168.197522
356527.870022
362009.298122
365773.733923
368110.720008
369299.222332
369798.377412
369949.088063
369870.023588
369826.685902
369848.485878
369618.434388
369422.332403
369169.841552
368502.161920
367212.103621
364863.222125
360959.751309
355261.193836
347541.073789
337803.830815
326576.245430
314550.391646
302229.499480
288912.987692
272501.396518
251182.728581
236137.512677
254369.701642
300137.590374
331247.970206
335644.305428
331192.221685
329023.107401
325602.750110
325602.602907
328440.110140
328440.196833
328742.043962
330602.186005
334163.566142
332822.215157
318401.106225
296013.888682
283495.965161
287529.933999
299920.899367
313008.382996
324678.788122
334907.317063
343804.317148
351173.274786
356823.075375
360731.164101
363220.918273
364637.623350
365264.650707
365474.359958
365496.831189
365394.550836
365346.937427
365367.572546
365210.358899
365094.502911
364971.475738
364593.551314
363826.188084
362354.514351
359746.000851
355708.671954
349904.545104
342116.837539
332592.645122
321821.663991
310279.116677
297544.992415
282075.054981
262064.335234
244238.345689
252355.230786
292778.623311
328628.541010
337078.800834
332186.336500
329000.143176
326090.436093
326090.276681
328425.299003
328425.384486
328932.407478
331323.182853
334449.411049
330880.868455
314999.041057
295629.586157
288160.245005
294597.714505
306797.841303
318921.415292
329516.845503
338551.054624
346067.954026
351947.647763
356160.128092
358858.568733
360441.033768
361241.121509
361507.448089
361532.576523
361471.210696
361353.845447
361303.460845
361323.955178
361220.769062
361164.778578
361134.660734
360956.238495
360539.880266
359659.954607
357959.788588
355156.567017
350884.598251
344795.776684
336907.196293
327497.008512
316934.508010
304966.426158
290447.981184
271815.211874
253240.926195
253783.689383
286854.391177
324826.974043
337859.849353
333498.929418
329142.159171
326413.789010
326413.620539
328447.385030
328447.469117
329232.501731
331991.248660
334283.950079
328610.089476
312431.693205
296662.475563
293234.131411
301027.456722
312686.312112
323763.200173
333231.402999
341050.800005
347254.641030
351826.353200
354874.567022
356664.042367
357604.341948
357984.738760
358009.833748
357909.502478
357788.390959
357659.028436
357606.141891
357627.220924
357565.893420
357557.334554
357598.563343
357565.600918
357396.353099
356927.724809
355870.547113
353975.300299
350897.607308
346232.098802
339829.119133
331776.541919
322303.960393
311238.554862
297722.760434
280465.005431
262206.834126
257644.997906
282914.276428
320384.922102
337749.366069
334906.513625
329539.073183
326648.124807
326647.950302
328516.944271
328517.026827
329614.762159
332529.041216
333683.897811
326280.697233
310821.843630
298713.973459
298318.997709
306737.959399
317644.996059
327635.371596
335968.321722
342608.892945
347615.859698
351076.123065
353201.255922
354313.054718
354794.918687
354881.547238
354737.306693
354545.646119
354378.007120
354237.167748
354181.187896
354203.070042
354175.615319
354206.887592
354306.530581
354385.732342
354399.162898
354227.117761
353634.263434
352409.458553
350252.281724
346751.022026
341649.385416
334881.506815
326534.245135
316456.245890
303993.404602
288100.445188
270686.090535
262984.669920
281055.178969
315900.776415
336691.916441
336160.496912
330198.501100
326867.551926
326867.374143
328637.737141
328637.818038
330047.824878
332870.003084
332713.079557
324131.502262
310147.490445
301416.602922
303177.376825
311724.258694
321756.283124
330654.395800
337879.113908
343413.513631
347360.136942
349894.402762
351294.321281
351899.211743
352047.913385
351921.795013
351652.607187
351390.172351
351183.564734
351030.618928
350970.542602
350993.161999
350994.032458
351060.323028
351210.331520
351380.266346
351535.004064
351585.139827
351336.445426
350613.010450
349165.238332
346605.318768
342618.448544
337025.133674
329784.887618
320733.215665
309357.289832
294817.498487
278508.759262
269071.522806
281058.322922
311869.246681
334786.708767
337036.143834
331062.727855
327132.436589
327132.257881
328807.485529
328807.564604
330492.005152
332961.923224
331473.813909
322339.699809
310296.883218
304477.671505
307682.595020
316021.065843
325113.567207
332939.788462
339106.797447
343625.771715
346649.072579
348419.599258
349250.246889
349472.056911
349373.087535
349087.393543
348721.713510
348401.649699
348160.822268
347994.944744
347929.760866
347952.872183
347978.046798
348076.014439
348270.856467
348516.840937
348785.124466
349007.839427
349021.544813
348679.649789
347782.298577
345981.334003
342938.595209
338397.291210
332212.270733
324189.186622
313912.677276
300711.426879
285638.886459
275408.819639
282550.781622
308624.635491
332243.520521
337361.642005
332024.559364
327480.867967
327480.690172
329016.673767
329016.750760
330897.987890
332778.219830
330098.418635
321017.407704
311113.946550
307678.679347
311777.237247
319685.951025
327815.435956
334605.123637
339775.320232
343374.716357
345603.043800
346746.528347
347127.631221
347054.665857
346766.082739
346355.870771
345911.950793
345542.329265
345269.740630
345089.680827
345018.330322
345041.730644
345088.612028
345216.362208
345452.673444
345764.864607
346127.950384
346489.903023
346710.307521
346665.514089
346200.232199
345012.094641
342764.524984
339155.530000
333959.588336
326944.214428
317758.629137
305870.564956
292095.401736
281692.527673
285136.887141
306336.653801
329332.051185
337032.920224
332938.033960
327919.159555
327918.983966
329251.774169
329251.848582
331214.913314
332327.288766
328722.441414
320197.806615
312422.639761
310869.843746
315458.454131
322795.196399
329954.937563
335744.676742
339984.798776
342763.844094
344313.686110
344939.178595
344957.050873
344649.083584
344209.045910
343696.376578
343184.102719
342767.449868
342461.908047
342264.621014
342185.288015
342208.958287
342276.964046
342435.337690
342713.391737
343087.461455
343534.419053
344014.324106
344404.657479
344599.988123
344482.931264
343794.815521
342214.249760
339422.427166
335144.034423
329109.526014
320999.908472
310386.956447
297918.086721
287738.458822
288452.099680
305030.312549
326340.718188
336038.023988
333647.785170
328422.353842
328422.181376
329480.106182
329480.177069
331365.157695
331615.519305
327437.185815
319853.859540
314090.627479
313995.155717
318764.562386
325410.011969
331593.020636
336435.098241
339831.049629
341887.378899
342848.679524
343028.992943
342738.947154
342234.965024
341668.488951
341065.904204
340487.440204
340020.056022
339675.795755
339455.464704
339364.922876
339388.847018
339479.492771
339672.839132
339997.731120
340435.849307
340963.508898
341549.286111
342085.174978
342483.150606
342661.263834
342399.296878
341389.404715
339306.611443
335856.678277
330760.724479
323722.333876
314369.492920
303194.938543
293469.475733
292191.276190
304596.840812
323482.447490
334407.396152
333986.427254
328935.273592
328935.105078
329620.928287
329620.993989
331269.421585
330719.298126
326389.485240
320012.578583
316045.234399
316983.121197
321654.599569
327535.743757
332807.026591
336801.405417
339430.111380
340811.751609
341223.343333
341000.768856
340445.147425
339777.877588
339104.042310
338417.593452
337769.689033
337244.531817
336854.295701
336604.499324
336498.949225
336522.612693
336637.545292
336871.080470
337249.827314
337758.117288
338369.310254
339055.364626
339717.583255
340285.724760
340718.905283
340842.160346
340361.922313
338932.977381
336229.030962
331975.546314
325942.129610
317840.517628
308003.333063
298928.984857
296232.207558
304966.313176
320945.063753
332205.083958
333721.244155
329290.250891
329290.088541
329570.192506
329570.251126
330924.873701
329754.881798
325593.437813
320448.906229
317955.785284
319619.720649
324137.154653
329378.454459
333852.684982
336995.482370
338795.973985
339475.663240
339373.173521
338816.870800
338057.712120
337262.917287
336495.103386
335725.998192
335005.811463
334420.858655
333984.124316
333703.850396
333581.934602
333603.992617
333741.066121
334014.091013
334447.124625
335027.146576
335724.973371
336510.838663
337285.220791
337986.955042
338615.536765
339058.836341
339076.052922
338328.799871
336428.861217
333014.741484
327851.500223
320780.286383
312153.529927
303849.132501
300241.599976
305922.782215
318901.296618
329724.374335
332823.842009
329323.815835
329323.663681
329420.076872
329420.130612
330529.705725
328916.568453
325176.297523
321345.948791
320283.468645
322653.085639
326982.749635
331379.639506
334694.391892
336714.468496
337635.921493
337745.507671
337311.575340
336555.466661
335652.416992
334738.900781
333870.308286
333015.998386
332229.810152
331598.232292
331129.923744
330829.796124
330696.013266
330714.637078
330864.914017
331164.234396
331635.746332
332273.004123
333051.324205
333941.165100
334833.671846
335657.970779
336423.915122
337056.789025
337393.735851
337204.932871
336175.764843
333898.709230
329953.891487
323972.449613
316256.935985
308453.359538
304047.685624
307058.727700
317059.439664
326923.031577
331206.360277
328829.674280
328829.536124
329475.093272
329475.146664
330664.425768
329053.160651
326192.368473
323752.000542
323691.805053
326004.759587
329267.230050
332119.237175
334180.486109
335548.259869
336189.150614
336143.342567
335535.291194
334556.022775
333416.560434
332299.987128
331290.881113
330354.290274
329528.936760
328885.940332
328419.727484
328123.720329
327989.563259
328003.367191
328151.641666
328450.451561
328924.255936
329579.524829
330409.966695
331401.741640
332449.052013
333476.595013
334477.504216
335326.291519
335822.357763
335772.021195
335019.040867
333435.481479
330860.874898
326907.130493
321141.196705
314360.902684
309492.630540
310182.792178
317042.448175
325046.798388
329584.187488
328005.902868
328005.784601
329527.991590
329528.046868
330195.331220
328250.723141
325660.754815
323643.505671
323687.021655
325695.518360
328810.215106
332107.346984
334969.623736
336616.545418
336885.722858
336083.119253
334639.253502
332942.859552
331289.662604
329859.280769
328703.786124
327740.630569
326952.775695
326367.588051
325958.366946
325703.323171
325586.821386
325595.514626
325722.098631
325981.315918
326398.635021
326996.282905
327797.122978
328823.224617
330020.258609
331371.851269
332911.475807
334488.468074
335803.553802
336465.375320
336040.935221
334149.120261
330591.235794
325924.088127
320800.734657
315652.796007
312020.695452
312472.273906
317973.663151
324797.844918
329164.131278
328119.006750
328118.899541
332162.652958
332162.767760
332226.471280
330490.463070
329914.671583
331659.366936
335907.718719
340870.191470
344450.051595
345419.446399
343738.522841
340992.298369
337945.029486
334872.075128
332103.680861
329797.558974
327987.070618
326630.843641
325643.198007
324904.772119
324354.044439
323964.742877
323702.715039
323543.151640
323470.277151
323474.425006
323552.925717
323715.883724
323982.900336
324379.669619
324941.728523
325714.852215
326732.960798
328062.793899
329822.578603
332056.860319
334717.919556
337635.533275
340469.250918
342665.986428
343818.806178
342382.238582
337247.307743
328857.848244
319018.447040
311558.534474
310351.886641
314976.767569
321494.604860
324917.404440
324917.289865
321431.271000
321431.271000
321431.271000
321431.271000
321431.271000
321431.271000
321431.271000
321431.271000
321431.271000
321431.271000
321431.271000
321431.271000
321431.271000
321431.271000
321431.271000
321431.271000
321431.271000
321431.271000
321431.271000
321431.271000
321431.271000
321431.271000
321431.271000
321431.271000
321431.271000
321431.271000
321431.271000
321431.271000
321431.271000
321431.271000
321431.271000
321431.271000
321431.271000
321431.271000
321431.271000
321431.271000
321431.271000
321431.271000
321431.271000
321431.271000
321431.271000
321431.271000
321431.271000
321431.271000
321431.271000
321431.271000
321431.271000
321431.271000
321431.271000
321431.271000
321431.271000
