 1 1.000000000000000
 2 0.932873103094977
 3 0.886385930675579
 4 0.868257397547506
 5 0.877206590921058
 6 0.904262194345103
 7 0.938631764121835
 8 0.972372990447108
 9 1.001580923603373
 10 1.025616487168234
 11 1.046157346781346
 12 1.065745635251993
 13 1.086545951262030
 14 1.109404949485759
 15 1.133698097136537
 16 1.157907558214963
 17 1.180478492142933
 18 1.200389154430878
 19 1.217208976915648
 20 1.231042444481965
 21 1.242113238062327
 22 1.250656504258677
 23 1.256838363862495
 24 1.260836195939087
 25 1.262854193790991
 26 1.263158043781457
 27 1.262019882768071
 28 1.259735740253589
 29 1.256600895234889
 30 1.252896282574103
 31 1.248864240463353
 32 1.244726478045229
 33 1.240645569758207
 34 1.236739893001388
 35 1.233090654098750
 36 1.229735213866573
 37 1.226674348213009
 38 1.223888837833964
 39 1.221347196905987
 40 1.219004620467675
 41 1.216810295323444
 42 1.214725997948107
 43 1.212713899512325
 44 1.210743745900715
 45 1.208795267800710
 46 1.206855755642407
 47 1.204919688606231
 48 1.202986404693411
 49 1.201059134563683
 50 1.199141256519873
 51 1.197238766385347
 52 1.195360437575517
 53 1.193511179039637
 54 1.191693240645311
 55 1.189909956412613
 56 1.188159092586319
 57 1.186438829781139
 58 1.184743052622329
 59 1.183064283240397
 60 1.181393277122893
 61 1.179720190936278
 62 1.178034327520050
 63 1.176324957520734
 64 1.174583408564129
 65 1.172801241287028
 66 1.170972280436366
 67 1.169092252980624
 68 1.167159013544687
 69 1.165172115765623
 70 1.163132196434839
 71 1.161041414580982
 72 1.158904433879142
 73 1.156727723506904
 74 1.154517045883356
 75 1.152278078932310
 76 1.150015410098579
 77 1.147733138178960
 78 1.145434491549782
 79 1.143121792455095
 80 1.140795782229971
 81 1.138456466949935
 82 1.136103548735112
 83 1.133734320458538
 84 1.131345418572868
 85 1.128933323679989
 86 1.126494786334692
 87 1.124026261990671
 88 1.121524395242236
 89 1.118985900884576
 90 1.116409297127929
 91 1.113793469951742
 92 1.111137704465206
 93 1.108441323279857
 94 1.105704909064113
 95 1.102929357425280
 96 1.100115374848437
 97 1.097264157447475
 98 1.094377008519028
 99 1.091454757200532
 100 1.088498392420474
 101 1.085509170109139
 102 1.082487518572027
 103 1.079433546577466
 104 1.076347087035651
 105 1.073227990464369
 106 1.070075085542805
 107 1.066887799448755
 108 1.063664140119339
 109 1.060402495414923
 110 1.057100792251112
 111 1.053757577942884
 112 1.050371309226891
 113 1.046939767229552
 114 1.043460979302012
 115 1.039933103576894
 116 1.036354497449451
 117 1.032723866832274
 118 1.029039655034640
 119 1.025300602377437
 120 1.021506793947421
 121 1.017657567853814
 122 1.013752666897086
 123 1.009792771131436
 124 1.005778008213182
 125 1.001709452935325
 126 0.997588727203454
 127 0.993417622619907
 128 0.989197982025429
 129 0.984931729824362
 130 0.980621219158988
 131 0.976269370476342
 132 0.971878942877474
 133 0.967452682851214
 134 0.962993829391163
 135 0.958505580572588
 136 0.953991045561357
 137 0.949453545044775
 138 0.944895963053390
 139 0.940321044626305
 140 0.935731214074094
 141 0.931129011838294
 142 0.926517519522617
 143 0.921899127365352
 144 0.917273853058881
 145 0.912644093380184
 146 0.908013834371757
 147 0.903382194135674
 148 0.898748862484380
 149 0.894114472779360
 150 0.889480953972470
 151 0.884848228610426
 152 0.880215412561485
 153 0.875582154384397
 154 0.870947684511109
 155 0.866311891890876
 156 0.861674260238056
 157 0.857028472076869
 158 0.852379427226008
 159 0.847729053488850
 160 0.843075130862821
 161 0.838415576153130
 162 0.833750104834488
 163 0.829080475340768
 164 0.824406331777895
 165 0.819727752722915
 166 0.815044927507875
 167 0.810358768465172
 168 0.805669852216535
 169 0.800977609675155
 170 0.796282493986897
 171 0.791586135036546
 172 0.786889982381865
 173 0.782193826082200
 174 0.777499193048593
 175 0.772808220444220
 176 0.768120322086859
 177 0.763438209718205
 178 0.758763414587351
 179 0.754097802934277
 180 0.749443007725197
 181 0.744800986153032
 182 0.740173682071718
 183 0.735562990248785
 184 0.730970571446256
 185 0.726396494427850
 186 0.721841238132499
 187 0.717313652138982
 188 0.712814365207316
 189 0.708344372799528
 190 0.703904673189753
 191 0.699499012276920
 192 0.695127163870379
 193 0.690790282056956
 194 0.686489672060521
 195 0.682226719394886
 196 0.678002990920022
 197 0.673819059728856
 198 0.669670805542577
 199 0.665563960839502
 200 0.661499281581303
 201 0.657477843428934
 202 0.653500777992531
 203 0.649568577442757
 204 0.645681406585527
 205 0.641839705122708
 206 0.638043751624933
 207 0.634294126103606
 208 0.630592340486619
 209 0.626936513350549
 210 0.623326563367205
 211 0.619762428876365
 212 0.616243863495651
 213 0.612770778013029
 214 0.609341899381693
 215 0.605958137679784
 216 0.602618791415194
 217 0.599323910248686
 218 0.596073857292291
 219 0.592868413227710
 220 0.589708496739131
 221 0.586591530485423
 222 0.583517110528605
 223 0.580484571792590
 224 0.577493053550849
 225 0.574542389079595
 226 0.571630435750117
 227 0.568754883952892
 228 0.565919501372181
 229 0.563123564769127
 230 0.560366378445556
 231 0.557647209313262
 232 0.554965295563216
 233 0.552319953760344
 234 0.549710574308487
 235 0.547136263445291
 236 0.544596341939960
 237 0.542090216198320
 238 0.539616894059971
 239 0.537175797874122
 240 0.534766092462019
 241 0.532387295492320
 242 0.530038711376138
 243 0.527719498882131
 244 0.525429243082590
 245 0.523167242227325
 246 0.520932844006545
 247 0.518726309167902
 248 0.516545911004038
 249 0.514391419471922
 250 0.512262307000909
 251 0.510157794533075
 252 0.508077284918967
 253 0.506020199146270
 254 0.503985998566022
 255 0.501974173357021
 256 0.499984185057486
 257 0.498015537496345
 258 0.496067752562503
 259 0.494140327055562
 260 0.492232766154557
 261 0.490344634929841
 262 0.488477844041948
 263 0.486632054695080
 264 0.484803922469399
 265 0.482992195035103
 266 0.481196339704391
 267 0.479416712783106
 268 0.477653960044683
 269 0.475908224199798
 270 0.474178110161441
 271 0.472463300023819
 272 0.470763506930232
 273 0.469078743562486
 274 0.467409127158487
 275 0.465753620388037
 276 0.464111943679558
 277 0.462484093566562
 278 0.460869563727137
 279 0.459267946776176
 280 0.457679047070995
 281 0.456102646820308
 282 0.454538502075569
 283 0.452986393259170
 284 0.451446077401713
 285 0.449917337306165
 286 0.448400550900553
 287 0.446894970590783
 288 0.445400381352296
 289 0.443916547725057
 290 0.442443256729136
 291 0.440980348679975
 292 0.439527666488845
 293 0.438085154259412
 294 0.436652602944273
 295 0.435229800035544
 296 0.433816695834238
 297 0.432413035073963
 298 0.431018668545576
 299 0.429633404777879
 300 0.428257091532517
 301 0.426889607016858
 302 0.425530817223577
 303 0.424180549433502
 304 0.422838638999175
 305 0.421504945053109
 306 0.420179323262375
 307 0.418861643471466
 308 0.417551749872405
 309 0.416249551100736
 310 0.414954879065387
 311 0.413667579902599
 312 0.412387515324305
 313 0.411114537296636
 314 0.409848449862013
 315 0.408589224933363
 316 0.407336726758345
 317 0.406090856741936
 318 0.404851550269392
 319 0.403618677327596
 320 0.402390638009894
 321 0.401167666813366
 322 0.399951017790065
 323 0.398740568119921
 324 0.397536198473317
 325 0.396337791703956
 326 0.395143986211951
 327 0.393955450252518
 328 0.392772796067278
 329 0.391595943125574
 330 0.390424842768116
 331 0.389259360155758
 332 0.388099438175837
 333 0.386945010345746
 334 0.385796827317823
 335 0.384654488846606
 336 0.383517387308316
 337 0.382385527788344
 338 0.381258846206973
 339 0.380137307273677
 340 0.379020886882097
 341 0.377909534633945
 342 0.376803236233794
 343 0.375701973855075
 344 0.374605747848212
 345 0.373514553247972
 346 0.372428382036383
 347 0.371348283474399
 348 0.370273152697753
 349 0.369203016246601
 350 0.368137829524198
 351 0.367077599162190
 352 0.366022439274640
 353 0.364972309002980
 354 0.363927199570146
 355 0.362887220973048
 356 0.361852309637104
 357 0.360822480673620
 358 0.359797821802098
 359 0.358778325803798
 360 0.357764069893486
 361 0.356755015786481
 362 0.355751179283298
 363 0.354752599591412
 364 0.353758998773448
 365 0.352770666841400
 366 0.351787680518415
 367 0.350810041059071
 368 0.349837791475236
 369 0.348870954917433
 370 0.347909553232112
 371 0.346953580788820
 372 0.346003009203258
 373 0.345057895395802
 374 0.344118253828013
 375 0.343184092931774
 376 0.342255407981791
 377 0.341332198233869
 378 0.340414461764738
 379 0.339502198134873
 380 0.338595391392339
 381 0.337694024718925
 382 0.336798072267577
 383 0.335907538410556
 384 0.335022459889197
 385 0.334142801488647
 386 0.333268543202982
 387 0.332399630768004
 388 0.331536017266988
 389 0.330677673272895
 390 0.329824563548749
 391 0.328976655163934
 392 0.328133910291313
 393 0.327296314474739
 394 0.326463827482195
 395 0.325636381648748
 396 0.324813985423459
 397 0.323996546943899
 398 0.323183256288374
 399 0.322374883705973
 400 0.321570860495385
 401 0.320771485507891
 402 0.319976913024889
 403 0.319187076925994
 404 0.318401922920051
 405 0.317621418522922
 406 0.316845536537479
 407 0.316074191503752
 408 0.315307272172870
 409 0.314544740924371
 410 0.313786516353060
 411 0.313032527027385
 412 0.312282714358851
 413 0.311537021210156
 414 0.310795385412318
 415 0.310057746383382
 416 0.309324046321035
 417 0.308594224404043
 418 0.307868221881439
 419 0.307145995464796
 420 0.306427528328842
 421 0.305712718787151
 422 0.305001493325252
 423 0.304293799331546
 424 0.303589577663171
 425 0.302888808004484
 426 0.302191403603771
 427 0.301497357797834
 428 0.300806620567340
 429 0.300119085562536
 430 0.299434711774480
 431 0.298753536681511
 432 0.298075430298125
 433 0.297400427371808
 434 0.296728384719317
 435 0.296059226641639
 436 0.295392839424028
 437 0.294729302053016
 438 0.294068579277152
 439 0.293410657344909
 440 0.292755502110018
 441 0.292103051385043
 442 0.291453275298989
 443 0.290806128798364
 444 0.290161573332404
 445 0.289519581311299
 446 0.288880119940178
 447 0.288243154606087
 448 0.287608654207610
 449 0.286976578379834
 450 0.286346909152750
 451 0.285719615097045
 452 0.285094690179332
 453 0.284472100701710
 454 0.283851832135313
 455 0.283234241618038
 456 0.282619088135920
 457 0.282006104223563
 458 0.281395287783886
 459 0.280786624263920
 460 0.280180116517414
 461 0.279575876805211
 462 0.278974330091990
 463 0.278374878493827
 464 0.277777501998097
 465 0.277182200334108
 466 0.276588921091722
 467 0.275997660126024
 468 0.275408417323121
 469 0.274821189936380
 470 0.274235968234343
 471 0.273652758327275
 472 0.273071584209510
 473 0.272492428215704
 474 0.271915300341923
 475 0.271340227406977
 476 0.270767157927165
 477 0.270196128964648
 478 0.269627078958672
 479 0.269060017170827
 480 0.268494525352370
 481 0.267930893849288
 482 0.267369273727462
 483 0.266809466020528
 484 0.266251325299018
 485 0.265695252738162
 486 0.265141238943625
 487 0.264589251113385
 488 0.264039280281943
 489 0.263491295997302
 490 0.262945296898435
 491 0.262401317290729
 492 0.261859353009489
 493 0.261319362173448
 494 0.260781338680921
 495 0.260245279206609
 496 0.259711178359905
 497 0.259179040935615
 498 0.258648853882113
 499 0.258120606115338
 500 0.257594281222458
 501 0.257069900694467
 502 0.256547484050696
 503 0.256026968105414
 504 0.255508346454473
 505 0.254991612186393
 506 0.254476757169200
 507 0.253963776349803
 508 0.253452659232581
 509 0.252943408840922
 510 0.252436090810841
 511 0.251930614174049
 512 0.251426966381051
 513 0.250925135200224
 514 0.250425158482049
 515 0.249927009469674
 516 0.249430731108042
 517 0.248936272038922
 518 0.248443608942394
 519 0.247952716034183
 520 0.247463553039094
 521 0.246976110469197
 522 0.246490377094778
 523 0.246006342064045
 524 0.245523995936772
 525 0.245043332486699
 526 0.244564336034829
 527 0.244086995599125
 528 0.243611299232811
 529 0.243137239921427
 530 0.242664826723060
 531 0.242194035781145
 532 0.241724852063929
 533 0.241257277323272
 534 0.240791283101341
 535 0.240326842269828
 536 0.239863949653583
 537 0.239402589838749
 538 0.238942753909925
 539 0.238484433081942
 540 0.238027621554229
 541 0.237572298437517
 542 0.237118450878268
 543 0.236666073970579
 544 0.236215156325592
 545 0.235765686771355
 546 0.235317654354147
 547 0.234871039654852
 548 0.234425883058541
 549 0.233982170223785
 550 0.233539874560512
 551 0.233098963055256
 552 0.232659427025609
 553 0.232221260307047
 554 0.231784488459969
 555 0.231349109091065
 556 0.230915072488433
 557 0.230482410483436
 558 0.230051066939032
 559 0.229621027301424
 560 0.229192282628531
 561 0.228764824651589
 562 0.228338651078924
 563 0.227913749674323
 564 0.227490109485490
 565 0.227067737241868
 566 0.226646651486402
 567 0.226226806479964
 568 0.225808242139393
 569 0.225390905618547
 570 0.224974522938941
 571 0.224559289004975
 572 0.224145291880868
 573 0.223732554352695
 574 0.223320844353376
 575 0.222910220954763
 576 0.222500802475345
 577 0.222092581203937
 578 0.221685549663665
 579 0.221279709180063
 580 0.220875056833859
 581 0.220471583484653
 582 0.220069277041081
 583 0.219668135950928
 584 0.219268141962535
 585 0.218869289949378
 586 0.218471573204671
 587 0.218074984614065
 588 0.217679521478893
 589 0.217285208171505
 590 0.216892087020195
 591 0.216500087154315
 592 0.216109193742333
 593 0.215719402254276
 594 0.215330732323963
 595 0.214943174656417
 596 0.214556711108989
 597 0.214171347213352
 598 0.213787201783300
 599 0.213404137907322
 600 0.213022161094792
 601 0.212641259505012
 602 0.212261429205053
 603 0.211882652357576
 604 0.211504926747560
 605 0.211128260326368
 606 0.210752639456106
 607 0.210378057357482
 608 0.210004549738406
 609 0.209632089727628
 610 0.209260710736698
 611 0.208890350228331
 612 0.208521010463243
 613 0.208152688486732
 614 0.207785380691448
 615 0.207419084057897
 616 0.207053833776827
 617 0.206689589897053
 618 0.206326382755387
 619 0.205964154776139
 620 0.205602897212062
 621 0.205242635537959
 622 0.204883367355764
 623 0.204525090241732
 624 0.204167802013912
 625 0.203811500388632
 626 0.203456182804726
 627 0.203101846870688
 628 0.202748490703303
 629 0.202396113367014
 630 0.202044711552103
 631 0.201694286143318
 632 0.201344838275573
 633 0.200996365103918
 634 0.200648858384273
 635 0.200302312472514
 636 0.199956724560420
 637 0.199612092022880
 638 0.199268412026842
 639 0.198925781492992
 640 0.198584101276705
 641 0.198243397262181
 642 0.197903763571313
 643 0.197565092932661
 644 0.197227325822217
 645 0.196890462741673
 646 0.196554495833077
 647 0.196219428982376
 648 0.195885266356942
 649 0.195552007250151
 650 0.195219649983325
 651 0.194888192485382
 652 0.194557632319560
 653 0.194227973094317
 654 0.193899210839674
 655 0.193571339691438
 656 0.193244357849440
 657 0.192918280051980
 658 0.192593079354453
 659 0.192268758659384
 660 0.191945292675389
 661 0.191622673794830
 662 0.191300896557718
 663 0.190979954128793
 664 0.190659711364194
 665 0.190340178303351
 666 0.190021493892330
 667 0.189703721950058
 668 0.189386603898158
 669 0.189070178596397
 670 0.188754602472840
 671 0.188439860567482
 672 0.188125901667770
 673 0.187812716523656
 674 0.187500295812771
 675 0.187188630114907
 676 0.186877709914085
 677 0.186567525574989
 678 0.186258068218320
 679 0.185949337227680
 680 0.185641347288626
 681 0.185334052502904
 682 0.185027456554154
 683 0.184721656499524
 684 0.184416524648681
 685 0.184112044404868
 686 0.183808202270130
 687 0.183504989466912
 688 0.183202389264802
 689 0.182900388867084
 690 0.182598989215608
 691 0.182298290828297
 692 0.181998150259123
 693 0.181698553119490
 694 0.181399484677554
 695 0.181100929836721
 696 0.180802873072346
 697 0.180505298454966
 698 0.180208189654010
 699 0.179911529289550
 700 0.179615301034884
 701 0.179319487946219
 702 0.179024072064829
 703 0.178729035402903
 704 0.178434359561579
 705 0.178140026083504
 706 0.177846015991063
 707 0.177552310061589
 708 0.177258889571916
 709 0.176965735293758
 710 0.176672826577321
 711 0.176380143621704
 712 0.176087666488913
 713 0.175795375210755
 714 0.175503319326423
 715 0.175211433247548
 716 0.174919671606413
 717 0.174628013590706
 718 0.174336438385680
 719 0.174044926676652
 720 0.173753457999766
 721 0.173462010404785
 722 0.173170566997129
 723 0.172879108195399
 724 0.172587613549875
 725 0.172296066232859
 726 0.172004444066998
 727 0.171712726993103
 728 0.171420891610348
 729 0.171128917422854
 730 0.170836783945480
 731 0.170544470278578
 732 0.170251954199102
 733 0.169959217819881
 734 0.169666241170888
 735 0.169373003793880
 736 0.169079485216547
 737 0.168785665155414
 738 0.168491522957722
 739 0.168197038306382
 740 0.167902190958646
 741 0.167606960761957
 742 0.167311327657421
 743 0.167015271951893
 744 0.166718774254886
 745 0.166421814703450
 746 0.166124374060941
 747 0.165826432671052
 748 0.165528006038251
 749 0.165229153937952
 750 0.164929642966939
 751 0.164629463080006
 752 0.164328561379621
 753 0.164026914229423
 754 0.163724638443542
 755 0.163421716133392
 756 0.163118129269316
 757 0.162813855933746
 758 0.162508885453334
 759 0.162203201330495
 760 0.161896787552211
 761 0.161589628190846
 762 0.161281707881086
 763 0.160973011624051
 764 0.160663524774419
 765 0.160353233028913
 766 0.160042122817820
 767 0.159730180138927
 768 0.159417389716532
 769 0.159103735376143
 770 0.158789210142888
 771 0.158473801336666
 772 0.158157504382271
 773 0.157840303958634
 774 0.157522204119739
 775 0.157203247590516
 776 0.156883367358981
 777 0.156562534080448
 778 0.156240737259630
 779 0.155917964128007
 780 0.155594206330908
 781 0.155269453664259
 782 0.154943685929495
 783 0.154616902392858
 784 0.154289097887209
 785 0.153960265944740
 786 0.153630397756039
 787 0.153299485907263
 788 0.152967523410170
 789 0.152634503798908
 790 0.152300421904397
 791 0.151965272068661
 792 0.151629110860975
 793 0.151291908140806
 794 0.150953622795572
 795 0.150614251703217
 796 0.150273792568755
 797 0.149932243459430
 798 0.149589602988120
 799 0.149245870303070
 800 0.148901045083907
 801 0.148555213796610
 802 0.148208300928376
 803 0.147860296332870
 804 0.147511201305471
 805 0.147161016772227
 806 0.146809748109248
 807 0.146457418622988
 808 0.146104020815213
 809 0.145749550543781
 810 0.145394023029370
 811 0.145037438922971
 812 0.144679799017865
 813 0.144321107301349
 814 0.143961367431054
 815 0.143600594057274
 816 0.143238794232688
 817 0.142875976423080
 818 0.142512149593962
 819 0.142147331749316
 820 0.141781385059059
 821 0.141414222229610
 822 0.141046126497795
 823 0.140677095699109
 824 0.140307123719061
 825 0.139936223709747
 826 0.139564409569184
 827 0.139191694982633
 828 0.138818093113477
 829 0.138443618280571
 830 0.138068285524784
 831 0.137692110713651
 832 0.137315110189341
 833 0.136937301495710
 834 0.136558701176556
 835 0.136179327315358
 836 0.135799198535833
 837 0.135418333972621
 838 0.135036753270643
 839 0.134654476536454
 840 0.134271519035666
 841 0.133887907027133
 842 0.133503657202099
 843 0.133118794746019
 844 0.132733342670633
 845 0.132347315905365
 846 0.131960736578530
 847 0.131573635296482
 848 0.131186033686398
 849 0.130797952668565
 850 0.130409418885263
 851 0.130020455874737
 852 0.129631086405835
 853 0.129241332376488
 854 0.128851225547881
 855 0.128460811647464
 856 0.128070089238184
 857 0.127679082793667
 858 0.127287836766933
 859 0.126896366435626
 860 0.126504687766209
 861 0.126112826101945
 862 0.125720807671862
 863 0.125328659267825
 864 0.124936406923644
 865 0.124544077289114
 866 0.124151697323154
 867 0.123759294366630
 868 0.123366895904151
 869 0.122974529514421
 870 0.122582223037243
 871 0.122190004464164
 872 0.121797889317794
 873 0.121405914802477
 874 0.121014113819552
 875 0.120622514883130
 876 0.120231103897518
 877 0.119839801076404
 878 0.119448723507276
 879 0.119057987920673
 880 0.118667649827666
 881 0.118277706098745
 882 0.117888170015223
 883 0.117499070505964
 884 0.117110434979337
 885 0.116722283023574
 886 0.116334655724146
 887 0.115947582481881
 888 0.115561092674641
 889 0.115175214195541
 890 0.114789965419818
 891 0.114405380479478
 892 0.114021515649336
 893 0.113638389078547
 894 0.113256019101378
 895 0.112874459251842
 896 0.112493732955941
 897 0.112113857243597
 898 0.111734860923632
 899 0.111356760835291
 900 0.110979590568217
 901 0.110603386240527
 902 0.110228176185345
 903 0.109853988575894
 904 0.109480851030166
 905 0.109108791080938
 906 0.108737835969569
 907 0.108368012786234
 908 0.107999343460474
 909 0.107631851366014
 910 0.107265570644548
 911 0.106900520689725
 912 0.106536731895991
 913 0.106174230091410
 914 0.105813039421425
 915 0.105453190037022
 916 0.105094701692542
 917 0.104737594004566
 918 0.104381890230550
 919 0.104027613138636
 920 0.103674815145493
 921 0.103323488326052
 922 0.102973671494905
 923 0.102625398748670
 924 0.102278598634266
 925 0.101933277916475
 926 0.101589496756165
 927 0.101247343124528
 928 0.100906804966659
 929 0.100567901085481
 930 0.100230649906944
 931 0.099895065353218
 932 0.099561143236704
 933 0.099228928704013
 934 0.098898435997023
 935 0.098569677515112
 936 0.098242671745400
 937 0.097917436491330
 938 0.097594008823045
 939 0.097272402503460
 940 0.096952642854697
 941 0.096634716766639
 942 0.096318637984081
 943 0.096004419684302
 944 0.095692075069961
 945 0.095381616079588
 946 0.095073054004108
 947 0.094766405544301
 948 0.094461720017960
 949 0.094158971523713
 950 0.093858160445490
 951 0.093559296895903
 952 0.093262387605095
 953 0.092967436461800
 954 0.092674453980781
 955 0.092383447529708
 956 0.092094422939219
 957 0.091807381776191
 958 0.091522332403659
 959 0.091239278810140
 960 0.090958224244705
 961 0.090679177845669
 962 0.090402165410807
 963 0.090127155614868
 964 0.089854158915518
 965 0.089583146219422
 966 0.089314106255689
 967 0.089047018487270
 968 0.088781927498496
 969 0.088518833264876
 970 0.088257730963074
 971 0.087998628099237
 972 0.087741521181303
 973 0.087486406627915
 974 0.087233281819423
 975 0.086982141999414
 976 0.086732978881053
 977 0.086485786249120
 978 0.086240558392174
 979 0.085997291700301
 980 0.085755975304922
 981 0.085516601632663
 982 0.085279162914140
 983 0.085043651175855
 984 0.084810057848925
 985 0.084578373953737
 986 0.084348590028286
 987 0.084120696226472
 988 0.083894682287157
 989 0.083670537366763
 990 0.083448249848171
 991 0.083227808750132
 992 0.083009209879479
 993 0.082792453223051
 994 0.082577490092615
 995 0.082364339134867
 996 0.082152972515166
 997 0.081943371810547
 998 0.081735522800797
 999 0.081529410636445
 1000 0.081325020214090
 1001 0.081122306148142
 1002 0.080921267865257
 1003 0.080721890038956
 1004 0.080524174075906
 1005 0.080328102713290
 1006 0.080133658541803
 1007 0.079940823872910
 1008 0.079749580835156
 1009 0.079559908328788
 1010 0.079371769304747
 1011 0.079185150130862
 1012 0.079000039524852
 1013 0.078816428200823
 1014 0.078634291069296
 1015 0.078453613929170
 1016 0.078274387541235
 1017 0.078096595186834
 1018 0.077920203363170
 1019 0.077745188412863
 1020 0.077571530910232
 1021 0.077399209981794
 1022 0.077228204482532
 1023 0.077058495574042
 1024 0.076890062509774
 1025 0.076722884694604
 1026 0.076556941411355
 1027 0.076392211935408
 1028 0.076228675522241
 1029 0.076066311396399
 1030 0.075905095186848
 1031 0.075744998554803
 1032 0.075585999517038
 1033 0.075428111434150
 1034 0.075271310899791
 1035 0.075115562426962
 1036 0.074960840487938
 1037 0.074807123975341
 1038 0.074654391725471
 1039 0.074502622747042
 1040 0.074351795859995
 1041 0.074201895876447
 1042 0.074052926639740
 1043 0.073904836583040
 1044 0.073757603331677
 1045 0.073611205713363
 1046 0.073465616031492
 1047 0.073320816598231
 1048 0.073176784992206
 1049 0.073033508436749
 1050 0.072890966474627
 1051 0.072749138869391
 1052 0.072608004629475
 1053 0.072467537815941
 1054 0.072327721941436
 1055 0.072188542243100
 1056 0.072049979294136
 1057 0.071912013735157
 1058 0.071774625097219
 1059 0.071637795038589
 1060 0.071501506540278
 1061 0.071365739752929
 1062 0.071230470174142
 1063 0.071095679495577
 1064 0.070961351472041
 1065 0.070827460537746
 1066 0.070693998947280
 1067 0.070560949524018
 1068 0.070428294120511
 1069 0.070296014585305
 1070 0.070164088109449
 1071 0.070032500257965
 1072 0.069901236857143
 1073 0.069770281252686
 1074 0.069639614285167
 1075 0.069509209428448
 1076 0.069379053671433
 1077 0.069249141583653
 1078 0.069119458137807
 1079 0.068989988003230
 1080 0.068860716117671
 1081 0.068731627808261
 1082 0.068602708586231
 1083 0.068473944009425
 1084 0.068345320251942
 1085 0.068216823669205
 1086 0.068088440138824
 1087 0.067960156377635
 1088 0.067831959436832
 1089 0.067703837252122
 1090 0.067575776890338
 1091 0.067447766054983
 1092 0.067319792670434
 1093 0.067191845243519
 1094 0.067063912263235
 1095 0.066935982427609
 1096 0.066808039237679
 1097 0.066680063853553
 1098 0.066552059474145
 1099 0.066424015596823
 1100 0.066295921978384
 1101 0.066167768504225
 1102 0.066039545309491
 1103 0.065911242742463
 1104 0.065782851379634
 1105 0.065654362112287
 1106 0.065525766354759
 1107 0.065397050901237
 1108 0.065268206240941
 1109 0.065139222681344
 1110 0.065010092965120
 1111 0.064880802107058
 1112 0.064751355391930
 1113 0.064621745581017
 1114 0.064491965469850
 1115 0.064362008114031
 1116 0.064231866814077
 1117 0.064101528678388
 1118 0.063970982238093
 1119 0.063840232795780
 1120 0.063709274744397
 1121 0.063578102533205
 1122 0.063446710830914
 1123 0.063315094521839
 1124 0.063183248704705
 1125 0.063051168688396
 1126 0.062918850234548
 1127 0.062786288944262
 1128 0.062653480610860
 1129 0.062520421355948
 1130 0.062387107500362
 1131 0.062253535562928
 1132 0.062119702256586
 1133 0.061985604489373
 1134 0.061851239361116
 1135 0.061716604160876
 1136 0.061581696364002
 1137 0.061446513628810
 1138 0.061311053792938
 1139 0.061175314869450
 1140 0.061039295007760
 1141 0.060902992578590
 1142 0.060766406108114
 1143 0.060629534392526
 1144 0.060492376434969
 1145 0.060354922303918
 1146 0.060217172851903
 1147 0.060079134411552
 1148 0.059940806332684
 1149 0.059802189370748
 1150 0.059663282139978
 1151 0.059524084677908
 1152 0.059384596281682
 1153 0.059244817281903
 1154 0.059104747778525
 1155 0.058964387766582
 1156 0.058823737674412
 1157 0.058682798177338
 1158 0.058541570016549
 1159 0.058400048204184
 1160 0.058258234172904
 1161 0.058116134458792
 1162 0.057973744814587
 1163 0.057831067505748
 1164 0.057688108685909
 1165 0.057544870026335
 1166 0.057401353311735
 1167 0.057257560439442
 1168 0.057113493418314
 1169 0.056969154367351
 1170 0.056824545514062
 1171 0.056679669196800
 1172 0.056534527668938
 1173 0.056389123998091
 1174 0.056243457725965
 1175 0.056097522355746
 1176 0.055951333582684
 1177 0.055804893539038
 1178 0.055658205056258
 1179 0.055511271212654
 1180 0.055364095165176
 1181 0.055216680147125
 1182 0.055069032234443
 1183 0.054921152297825
 1184 0.054773043583874
 1185 0.054624709624191
 1186 0.054476154815565
 1187 0.054327382135323
 1188 0.054178394776209
 1189 0.054029196701448
 1190 0.053879791972212
 1191 0.053730184199120
 1192 0.053580377577920
 1193 0.053430376309491
 1194 0.053280184570210
 1195 0.053129806584046
 1196 0.052979233906562
 1197 0.052828481397287
 1198 0.052677555674250
 1199 0.052526461132309
 1200 0.052375202214888
 1201 0.052223783411676
 1202 0.052072209254454
 1203 0.051920484322972
 1204 0.051768613240771
 1205 0.051616600674167
 1206 0.051464451331218
 1207 0.051312169945143
 1208 0.051159761397266
 1209 0.051007230126394
 1210 0.050854567460094
 1211 0.050701791954061
 1212 0.050548908560245
 1213 0.050395922308307
 1214 0.050242838434517
 1215 0.050089661668337
 1216 0.049936391938213
 1217 0.049783030143028
 1218 0.049629590563499
 1219 0.049476078530714
 1220 0.049322499947038
 1221 0.049168859105638
 1222 0.049015161319319
 1223 0.048861411986641
 1224 0.048707615965363
 1225 0.048553778456546
 1226 0.048399897841128
 1227 0.048245971905806
 1228 0.048092018279515
 1229 0.047938044295868
 1230 0.047784055822387
 1231 0.047630057523636
 1232 0.047476054724729
 1233 0.047322067266125
 1234 0.047168093803704
 1235 0.047014131639518
 1236 0.046860186168151
 1237 0.046706262870918
 1238 0.046552369812099
 1239 0.046398510544757
 1240 0.046244688411606
 1241 0.046090908679077
 1242 0.045937176619923
 1243 0.045783497244874
 1244 0.045629875908622
 1245 0.045476317943743
 1246 0.045322828587374
 1247 0.045169413130474
 1248 0.045016076882401
 1249 0.044862825171526
 1250 0.044709663328003
 1251 0.044556596666189
 1252 0.044403630489743
 1253 0.044250770088009
 1254 0.044098020763482
 1255 0.043945388698643
 1256 0.043792878112782
 1257 0.043640494564138
 1258 0.043488243516220
 1259 0.043336129453514
 1260 0.043184157507582
 1261 0.043032332776518
 1262 0.042880660323982
 1263 0.042729145178715
 1264 0.042577792334529
 1265 0.042426606750746
 1266 0.042275593352978
 1267 0.042124754296881
 1268 0.041974080571502
 1269 0.041823589981141
 1270 0.041673290961448
 1271 0.041523188323370
 1272 0.041373286847136
 1273 0.041223591284587
 1274 0.041074106361397
 1275 0.040924836792938
 1276 0.040775787245038
 1277 0.040626962375386
 1278 0.040478367895418
 1279 0.040330007777019
 1280 0.040181887254882
 1281 0.040034009737787
 1282 0.039886379820072
 1283 0.039739002227755
 1284 0.039591881479425
 1285 0.039445021947010
 1286 0.039298428520322
 1287 0.039152105929070
 1288 0.039006058033996
 1289 0.038860289309872
 1290 0.038714806104485
 1291 0.038569613375787
 1292 0.038424713152124
 1293 0.038280099114620
 1294 0.038135775597994
 1295 0.037991757725607
 1296 0.037848049776098
 1297 0.037704655987069
 1298 0.037561580560139
 1299 0.037418827661871
 1300 0.037276401424538
 1301 0.037134305947084
 1302 0.036992545296294
 1303 0.036851123508151
 1304 0.036710044589326
 1305 0.036569312518732
 1306 0.036428931249060
 1307 0.036288905266188
 1308 0.036149238375548
 1309 0.036009924694074
 1310 0.035870967219995
 1311 0.035732378957075
 1312 0.035594164623249
 1313 0.035456328037229
 1314 0.035318872991673
 1315 0.035181803252300
 1316 0.035045122556777
 1317 0.034908834613429
 1318 0.034772943099870
 1319 0.034637445457069
 1320 0.034502340821434
 1321 0.034367641969271
 1322 0.034233353782146
 1323 0.034099479842423
 1324 0.033966023621108
 1325 0.033832983000264
 1326 0.033700355810637
 1327 0.033568156397671
 1328 0.033436378795174
 1329 0.033305029014903
 1330 0.033174116729953
 1331 0.033043645131795
 1332 0.032913617368716
 1333 0.032784036543946
 1334 0.032654906184909
 1335 0.032526229841557
 1336 0.032398009443980
 1337 0.032270247944966
 1338 0.032142949031361
 1339 0.032016115276155
 1340 0.031889749019049
 1341 0.031763853125556
 1342 0.031638430379720
 1343 0.031513482413753
 1344 0.031389013302186
 1345 0.031265025612660
 1346 0.031141521944250
 1347 0.031018505099878
 1348 0.030895977239540
 1349 0.030773940902919
 1350 0.030652398607238
 1351 0.030531353495587
 1352 0.030410808365193
 1353 0.030290764929867
 1354 0.030171225855533
 1355 0.030052192714495
 1356 0.029933667826707
 1357 0.029815653431307
 1358 0.029698152164354
 1359 0.029581166494330
 1360 0.029464697853848
 1361 0.029348748404115
 1362 0.029233320260285
 1363 0.029118415489325
 1364 0.029004036108217
 1365 0.028890184082517
 1366 0.028776861487910
 1367 0.028664070092404
 1368 0.028551811645092
 1369 0.028440088232917
 1370 0.028328903027405
 1371 0.028218255824459
 1372 0.028108148693512
 1373 0.027998584595685
 1374 0.027889563404875
 1375 0.027781086314982
 1376 0.027673154733219
 1377 0.027565770017619
 1378 0.027458933477545
 1379 0.027352646374228
 1380 0.027246909922926
 1381 0.027141725288857
 1382 0.027037093591204
 1383 0.026933015903264
 1384 0.026829493252448
 1385 0.026726526620633
 1386 0.026624117064459
 1387 0.026522265520519
 1388 0.026420972803627
 1389 0.026320239966109
 1390 0.026220067426167
 1391 0.026120455892269
 1392 0.026021408091371
 1393 0.025922931317553
 1394 0.025825017603999
 1395 0.025727669036655
 1396 0.025630883958393
 1397 0.025534662832280
 1398 0.025439006119498
 1399 0.025343914203630
 1400 0.025249387950195
 1401 0.025155427316826
 1402 0.025062032994986
 1403 0.024969204687149
 1404 0.024876942588777
 1405 0.024785250053701
 1406 0.024694125248932
 1407 0.024603566792069
 1408 0.024513575283040
 1409 0.024424150655456
 1410 0.024335290824104
 1411 0.024246994207139
 1412 0.024159264205390
 1413 0.024072100197100
 1414 0.023985498127296
 1415 0.023899461021250
 1416 0.023813988965208
 1417 0.023729082623100
 1418 0.023644740971312
 1419 0.023560960770231
 1420 0.023477739702394
 1421 0.023395077707667
 1422 0.023312977874820
 1423 0.023231438394014
 1424 0.023150458321430
 1425 0.023070036659292
 1426 0.022990172356642
 1427 0.022910865330702
 1428 0.022832113798428
 1429 0.022753912893309
 1430 0.022676261485556
 1431 0.022599156511290
 1432 0.022522600739441
 1433 0.022446594330995
 1434 0.022371135474088
 1435 0.022296222704674
 1436 0.022221854512509
 1437 0.022148029341096
 1438 0.022074745587763
 1439 0.022002001603872
 1440 0.021929795695167
 1441 0.021858126122189
 1442 0.021786991100829
 1443 0.021716388802918
 1444 0.021646317356864
 1445 0.021576773608777
 1446 0.021507749753574
 1447 0.021439251297973
 1448 0.021371271296021
 1449 0.021303808988715
 1450 0.021236866175926
 1451 0.021170440659149
 1452 0.021104530199396
 1453 0.021039132517757
 1454 0.020974245295824
 1455 0.020909866146572
 1456 0.020845992653891
 1457 0.020782622455344
 1458 0.020719753715623
 1459 0.020657385102545
 1460 0.020595512190612
 1461 0.020534132405034
 1462 0.020473243808713
 1463 0.020412844878707
 1464 0.020352931047156
 1465 0.020293499598851
 1466 0.020234547780653
 1467 0.020176072798056
 1468 0.020118071840248
 1469 0.020060542063592
 1470 0.020003480516536
 1471 0.019946884252714
 1472 0.019890750287264
 1473 0.019835075597239
 1474 0.019779857122191
 1475 0.019725091764907
 1476 0.019670776392250
 1477 0.019616907836112
 1478 0.019563485807880
 1479 0.019510502867090
 1480 0.019457956246917
 1481 0.019405843562555
 1482 0.019354161478566
 1483 0.019302906631787
 1484 0.019252071016567
 1485 0.019201652267369
 1486 0.019151650853173
 1487 0.019102063286186
 1488 0.019052887733644
 1489 0.019004119111829
 1490 0.018955753648987
 1491 0.018907789852045
 1492 0.018860226321809
 1493 0.018813058842013
 1494 0.018766282867842
 1495 0.018719892181011
 1496 0.018673884142916
 1497 0.018628254650993
 1498 0.018582999009191
 1499 0.018538113512878
 1500 0.018493594455530
 1501 0.018449438565931
 1502 0.018405642257787
 1503 0.018362201234236
 1504 0.018319111981987
 1505 0.018276370653753
 1506 0.018233973451544
 1507 0.018191916620979
 1508 0.018150196391411
 1509 0.018108808976753
 1510 0.018067750576576
 1511 0.018027017377417
 1512 0.017986605554271
 1513 0.017946510536923
 1514 0.017906729046564
 1515 0.017867257431465
 1516 0.017828092110287
 1517 0.017789231778274
 1518 0.017750670067801
 1519 0.017712406743162
 1520 0.017674435125386
 1521 0.017636751904574
 1522 0.017599351898989
 1523 0.017562230615927
 1524 0.017525383917351
 1525 0.017488808487989
 1526 0.017452500537817
 1527 0.017416456289952
 1528 0.017380671974317
 1529 0.017345146043666
 1530 0.017309876401829
 1531 0.017274855428723
 1532 0.017240079486363
 1533 0.017205544637198
 1534 0.017171247153782
 1535 0.017137183315963
 1536 0.017103349411225
 1537 0.017069741735141
 1538 0.017036356591916
 1539 0.017003190295010
 1540 0.016970239167819
 1541 0.016937499544442
 1542 0.016904967770505
 1543 0.016872640204021
 1544 0.016840513216296
 1545 0.016808583192836
 1546 0.016776847206323
 1547 0.016745303080414
 1548 0.016713945126178
 1549 0.016682770061665
 1550 0.016651774246009
 1551 0.016620954054956
 1552 0.016590306002782
 1553 0.016559828995099
 1554 0.016529517138936
 1555 0.016499367017441
 1556 0.016469375238912
 1557 0.016439538433624
 1558 0.016409853253762
 1559 0.016380316373350
 1560 0.016350924488266
 1561 0.016321674535724
 1562 0.016292563290567
 1563 0.016263587509865
 1564 0.016234743978024
 1565 0.016206029295737
 1566 0.016177440285227
 1567 0.016148974729937
 1568 0.016120629142740
 1569 0.016092399780541
 1570 0.016064284011651
 1571 0.016036278852381
 1572 0.016008380829409
 1573 0.015980586941060
 1574 0.015952894210944
 1575 0.015925299329477
 1576 0.015897799370371
 1577 0.015870393215138
 1578 0.015843076680503
 1579 0.015815846174910
 1580 0.015788699150560
 1581 0.015761633117728
 1582 0.015734645334598
 1583 0.015707733085340
 1584 0.015680893679786
 1585 0.015654124453196
 1586 0.015627422766037
 1587 0.015600786003874
 1588 0.015574211577343
 1589 0.015547696922197
 1590 0.015521239499477
 1591 0.015494836795741
 1592 0.015468486760709
 1593 0.015442186671426
 1594 0.015415933939839
 1595 0.015389726155221
 1596 0.015363560935360
 1597 0.015337435926977
 1598 0.015311348806150
 1599 0.015285297551508
 1600 0.015259281828671
 1601 0.015233297149562
 1602 0.015207341318570
 1603 0.015181412171122
 1604 0.015155507573569
 1605 0.015129625423436
 1606 0.015103765681985
 1607 0.015077924687955
 1608 0.015052099975430
 1609 0.015026290537459
 1610 0.015000493482321
 1611 0.014974706892212
 1612 0.014948928879587
 1613 0.014923157586781
 1614 0.014897391185563
 1615 0.014871627877223
 1616 0.014845865891217
 1617 0.014820103485647
 1618 0.014794338947433
 1619 0.014768570591918
 1620 0.014742796762844
 1621 0.014717015832376
 1622 0.014691226201158
 1623 0.014665426298419
 1624 0.014639614582072
 1625 0.014613789538849
 1626 0.014587949684398
 1627 0.014562093563403
 1628 0.014536219749664
 1629 0.014510326846137
 1630 0.014484413484964
 1631 0.014458478327441
 1632 0.014432520063977
 1633 0.014406537413968
 1634 0.014380529125693
 1635 0.014354493976108
 1636 0.014328430770676
 1637 0.014302338343114
 1638 0.014276215555157
 1639 0.014250061296294
 1640 0.014223874483486
 1641 0.014197654060912
 1642 0.014171398999658
 1643 0.014145108297474
 1644 0.014118780978488
 1645 0.014092416092964
 1646 0.014066013299697
 1647 0.014039572927774
 1648 0.014013092257281
 1649 0.013986570446213
 1650 0.013960006677731
 1651 0.013933400159796
 1652 0.013906751112997
 1653 0.013880059170641
 1654 0.013853322212870
 1655 0.013826541122013
 1656 0.013799714027360
 1657 0.013772839893200
 1658 0.013745918104675
 1659 0.013718948069003
 1660 0.013691929214994
 1661 0.013664860992630
 1662 0.013637742872701
 1663 0.013610574346371
 1664 0.013583354924919
 1665 0.013556084139766
 1666 0.013528761542223
 1667 0.013501386703335
 1668 0.013473959213827
 1669 0.013446479484844
 1670 0.013418947450297
 1671 0.013391361633175
 1672 0.013363721709522
 1673 0.013336027375086
 1674 0.013308278345215
 1675 0.013280474354847
 1676 0.013252615158406
 1677 0.013224700529760
 1678 0.013196730262143
 1679 0.013168704168086
 1680 0.013140622057885
 1681 0.013112483788407
 1682 0.013084289256835
 1683 0.013056038322308
 1684 0.013027732793913
 1685 0.012999371003989
 1686 0.012970952461182
 1687 0.012942477202768
 1688 0.012913946229862
 1689 0.012885359781442
 1690 0.012856716659294
 1691 0.012828016904192
 1692 0.012799260575419
 1693 0.012770447750408
 1694 0.012741578524369
 1695 0.012712653009888
 1696 0.012683671336542
 1697 0.012654633650532
 1698 0.012625540114284
 1699 0.012596390912921
 1700 0.012567186247885
 1701 0.012537926326107
 1702 0.012508611357143
 1703 0.012479241591061
 1704 0.012449817293109
 1705 0.012420338728405
 1706 0.012390807187313
 1707 0.012361223006448
 1708 0.012331586913551
 1709 0.012301898216829
 1710 0.012272156763076
 1711 0.012242362915763
 1712 0.012212517053077
 1713 0.012182619567570
 1714 0.012152670865810
 1715 0.012122671368031
 1716 0.012092621507763
 1717 0.012062521731485
 1718 0.012032372498292
 1719 0.012002174280403
 1720 0.011971927563229
 1721 0.011941632854471
 1722 0.011911290658274
 1723 0.011880901483294
 1724 0.011850465856436
 1725 0.011819984335432
 1726 0.011789457466360
 1727 0.011758885806186
 1728 0.011728269922777
 1729 0.011697610394911
 1730 0.011666907812266
 1731 0.011636162820726
 1732 0.011605378020222
 1733 0.011574551998456
 1734 0.011543685383734
 1735 0.011512778816286
 1736 0.011481832946284
 1737 0.011450848427328
 1738 0.011419825939755
 1739 0.011388766175388
 1740 0.011357669794220
 1741 0.011326537533884
 1742 0.011295370099203
 1743 0.011264168202135
 1744 0.011232932563231
 1745 0.011201663911522
 1746 0.011170362984447
 1747 0.011139030513523
 1748 0.011107667241424
 1749 0.011076273963203
 1750 0.011044851465770
 1751 0.011013400521858
 1752 0.010981921911795
 1753 0.010950416423489
 1754 0.010918884852427
 1755 0.010887328001618
 1756 0.010855746681516
 1757 0.010824141708896
 1758 0.010792513909658
 1759 0.010760864115944
 1760 0.010729194618021
 1761 0.010697505346172
 1762 0.010665796607350
 1763 0.010634069256308
 1764 0.010602324154230
 1765 0.010570562168361
 1766 0.010538784175385
 1767 0.010506991051570
 1768 0.010475183679517
 1769 0.010443362947629
 1770 0.010411529748913
 1771 0.010379684980756
 1772 0.010347829544733
 1773 0.010315964346458
 1774 0.010284090295418
 1775 0.010252208304880
 1776 0.010220319291780
 1777 0.010188424176633
 1778 0.010156523883474
 1779 0.010124619312415
 1780 0.010092711665075
 1781 0.010060802592823
 1782 0.010028892057195
 1783 0.009996981001739
 1784 0.009965070372890
 1785 0.009933161119837
 1786 0.009901254194392
 1787 0.009869350550861
 1788 0.009837451145898
 1789 0.009805556938401
 1790 0.009773668889365
 1791 0.009741787961779
 1792 0.009709915120486
 1793 0.009678051332088
 1794 0.009646197564825
 1795 0.009614354788468
 1796 0.009582523974221
 1797 0.009550706094625
 1798 0.009518902123448
 1799 0.009487113035611
 1800 0.009455339807087
 1801 0.009423583414814
 1802 0.009391844836612
 1803 0.009360125051093
 1804 0.009328425037578
 1805 0.009296745775995
 1806 0.009265088246801
 1807 0.009233453430866
 1808 0.009201842309403
 1809 0.009170255863830
 1810 0.009138695075678
 1811 0.009107160905523
 1812 0.009075654344908
 1813 0.009044176383924
 1814 0.009012728003596
 1815 0.008981310184461
 1816 0.008949923905794
 1817 0.008918570147938
 1818 0.008887249889058
 1819 0.008855964106260
 1820 0.008824714696033
 1821 0.008793502907822
 1822 0.008762328888961
 1823 0.008731193044945
 1824 0.008700096376413
 1825 0.008669039881457
 1826 0.008638025030504
 1827 0.008607052373837
 1828 0.008576122845844
 1829 0.008545237424626
 1830 0.008514397081260
 1831 0.008483602779635
 1832 0.008452855476480
 1833 0.008422156121611
 1834 0.008391505658376
 1835 0.008360905024176
 1836 0.008330355151160
 1837 0.008299856966911
 1838 0.008269411395166
 1839 0.008239020235761
 1840 0.008208683881990
 1841 0.008178402730523
 1842 0.008148177702211
 1843 0.008118009717010
 1844 0.008087899694162
 1845 0.008057848552258
 1846 0.008027857209173
 1847 0.007997926581874
 1848 0.007968057586148
 1849 0.007938251136240
 1850 0.007908508144442
 1851 0.007878829520625
 1852 0.007849216171766
 1853 0.007819669001471
 1854 0.007790188909489
 1855 0.007760776791267
 1856 0.007731433537530
 1857 0.007702160033900
 1858 0.007672957160556
 1859 0.007643825791933
 1860 0.007614766796474
 1861 0.007585781036423
 1862 0.007556869367638
 1863 0.007528032639465
 1864 0.007499271694632
 1865 0.007470587369152
 1866 0.007441980492276
 1867 0.007413451886431
 1868 0.007385002367200
 1869 0.007356632743290
 1870 0.007328343816502
 1871 0.007300136381727
 1872 0.007272011226915
 1873 0.007243969133063
 1874 0.007216010874174
 1875 0.007188137217247
 1876 0.007160348922222
 1877 0.007132646741958
 1878 0.007105031422165
 1879 0.007077503701363
 1880 0.007050062152809
 1881 0.007022708727729
 1882 0.006995445118858
 1883 0.006968272032481
 1884 0.006941190166955
 1885 0.006914200212702
 1886 0.006887302852194
 1887 0.006860498759940
 1888 0.006833788602459
 1889 0.006807171964080
 1890 0.006780648656588
 1891 0.006754221283795
 1892 0.006727890477276
 1893 0.006701656860123
 1894 0.006675521046967
 1895 0.006649483644012
 1896 0.006623545249048
 1897 0.006597706451478
 1898 0.006571967832308
 1899 0.006546329964179
 1900 0.006520793411305
 1901 0.006495358729490
 1902 0.006470026648019
 1903 0.006444797800827
 1904 0.006419672454863
 1905 0.006394651132427
 1906 0.006369734352069
 1907 0.006344922637585
 1908 0.006320216459535
 1909 0.006295616304278
 1910 0.006271122648816
 1911 0.006246735960672
 1912 0.006222456697749
 1913 0.006198285308211
 1914 0.006174222230359
 1915 0.006150267892517
 1916 0.006126422712910
 1917 0.006102687099569
 1918 0.006079061450225
 1919 0.006055546152217
 1920 0.006032141582426
 1921 0.006008848107175
 1922 0.005985666082182
 1923 0.005962595852481
 1924 0.005939637752386
 1925 0.005916792029248
 1926 0.005894058686264
 1927 0.005871438320371
 1928 0.005848931318867
 1929 0.005826537959872
 1930 0.005804258510810
 1931 0.005782093228409
 1932 0.005760042358695
 1933 0.005738106136963
 1934 0.005716284787739
 1935 0.005694578457310
 1936 0.005672987149841
 1937 0.005651511327226
 1938 0.005630151169048
 1939 0.005608906768413
 1940 0.005587777861194
 1941 0.005566765079357
 1942 0.005545868575548
 1943 0.005525088471493
 1944 0.005504424877726
 1945 0.005483877893559
 1946 0.005463447607023
 1947 0.005443134037791
 1948 0.005422936955939
 1949 0.005402856770920
 1950 0.005382893478476
 1951 0.005363047150785
 1952 0.005343317408319
 1953 0.005323704603072
 1954 0.005304208786692
 1955 0.005284829940366
 1956 0.005265568033555
 1957 0.005246422936171
 1958 0.005227394859905
 1959 0.005208484029169
 1960 0.005189689731241
 1961 0.005171011702518
 1962 0.005152450036750
 1963 0.005134004827801
 1964 0.005115676308174
 1965 0.005097463921854
 1966 0.005079367511615
 1967 0.005061386909297
 1968 0.005043521935841
 1969 0.005025772401341
 1970 0.005008138105050
 1971 0.004990618835405
 1972 0.004973214370008
 1973 0.004955924475632
 1974 0.004938748908185
 1975 0.004921687412694
 1976 0.004904739723249
 1977 0.004887905562996
 1978 0.004871184644085
 1979 0.004854576667628
 1980 0.004838081323696
 1981 0.004821698291286
 1982 0.004805427238286
 1983 0.004789267821508
 1984 0.004773219686656
 1985 0.004757282468372
 1986 0.004741455790239
 1987 0.004725739264829
 1988 0.004710132493752
 1989 0.004694635067716
 1990 0.004679246566599
 1991 0.004663966559532
 1992 0.004648795112271
 1993 0.004633731287322
 1994 0.004618774625731
 1995 0.004603925122906
 1996 0.004589181826470
 1997 0.004574544241944
 1998 0.004560011857620
 1999 0.004545583954726
 2000 0.004531260167114
 2001 0.004517039998153
 2002 0.004502922903887
 2003 0.004488908331202
 2004 0.004474995718005
 2005 0.004461184762938
 2006 0.004447474721264
 2007 0.004433864914076
 2008 0.004420354744563
 2009 0.004406943607595
 2010 0.004393630889918
 2011 0.004380415970395
 2012 0.004367298220221
 2013 0.004354277149175
 2014 0.004341352117595
 2015 0.004328522338130
 2016 0.004315787152617
 2017 0.004303145895943
 2018 0.004290597896220
 2019 0.004278142474996
 2020 0.004265778947445
 2021 0.004253506622543
 2022 0.004241324803257
 2023 0.004229232786719
 2024 0.004217229864385
 2025 0.004205315322195
 2026 0.004193488440721
 2027 0.004181748495325
 2028 0.004170094756295
 2029 0.004158526488988
 2030 0.004147042956557
 2031 0.004135643555391
 2032 0.004124327567520
 2033 0.004113094092784
 2034 0.004101942371435
 2035 0.004090871638953
 2036 0.004079881126333
 2037 0.004068970060325
 2038 0.004058137663740
 2039 0.004047383155738
 2040 0.004036705752132
 2041 0.004026104665701
 2042 0.004015579106470
 2043 0.004005128252037
 2044 0.003994751282751
 2045 0.003984447470779
 2046 0.003974216016594
 2047 0.003964056118985
 2048 0.003953966975305
 2049 0.003943947781732
 2050 0.003933997733499
 2051 0.003924116025122
 2052 0.003914301850619
 2053 0.003904554403694
 2054 0.003894872877924
 2055 0.003885256466939
 2056 0.003875704364567
 2057 0.003866215764987
 2058 0.003856789862864
 2059 0.003847425853477
 2060 0.003838122932839
 2061 0.003828880297817
 2062 0.003819697148765
 2063 0.003810572667219
 2064 0.003801505942837
 2065 0.003792496307420
 2066 0.003783542961679
 2067 0.003774644850073
 2068 0.003765801329476
 2069 0.003757011722919
 2070 0.003748275235963
 2071 0.003739591076169
 2072 0.003730958453353
 2073 0.003722376579845
 2074 0.003713844670744
 2075 0.003705361944146
 2076 0.003696927621385
 2077 0.003688540508139
 2078 0.003680200112821
 2079 0.003671905815813
 2080 0.003663656306545
 2081 0.003655451361449
 2082 0.003647290239847
 2083 0.003639171812848
 2084 0.003631095376120
 2085 0.003623060186423
 2086 0.003615065718771
 2087 0.003607111365896
 2088 0.003599196395397
 2089 0.003591320080081
 2090 0.003583481698045
 2091 0.003575680532725
 2092 0.003567915539003
 2093 0.003560186170203
 2094 0.003552491908450
 2095 0.003544832057361
 2096 0.003537205925964
 2097 0.003529612828688
 2098 0.003522052085375
 2099 0.003514523021284
 2100 0.003507024967063
 2101 0.003499557258755
 2102 0.003492119237788
 2103 0.003484710170129
 2104 0.003477329161585
 2105 0.003469975903764
 2106 0.003462649758705
 2107 0.003455350093975
 2108 0.003448076282724
 2109 0.003440827447373
 2110 0.003433603124258
 2111 0.003426402816091
 2112 0.003419225916736
 2113 0.003412071825957
 2114 0.003404939949537
 2115 0.003397829699366
 2116 0.003390740493564
 2117 0.003383671756562
 2118 0.003376622919180
 2119 0.003369593418710
 2120 0.003362582698957
 2121 0.003355590210307
 2122 0.003348615409749
 2123 0.003341657760908
 2124 0.003334716660016
 2125 0.003327791411411
 2126 0.003320881750820
 2127 0.003313987167769
 2128 0.003307106891268
 2129 0.003300240508142
 2130 0.003293387719381
 2131 0.003286548040012
 2132 0.003279720991784
 2133 0.003272906103174
 2134 0.003266102909423
 2135 0.003259310952515
 2136 0.003252529781207
 2137 0.003245758950991
 2138 0.003238998024108
 2139 0.003232246569517
 2140 0.003225504162877
 2141 0.003218770386519
 2142 0.003212044829423
 2143 0.003205327087188
 2144 0.003198616761992
 2145 0.003191913462563
 2146 0.003185216804165
 2147 0.003178526408539
 2148 0.003171841903894
 2149 0.003165162924870
 2150 0.003158489112519
 2151 0.003151819753839
 2152 0.003145154848252
 2153 0.003138494074985
 2154 0.003131837098852
 2155 0.003125183591043
 2156 0.003118533229171
 2157 0.003111885697244
 2158 0.003105240685695
 2159 0.003098597891357
 2160 0.003091957017470
 2161 0.003085317773650
 2162 0.003078679875872
 2163 0.003072043046440
 2164 0.003065406840257
 2165 0.003058770991149
 2166 0.003052135420365
 2167 0.003045499874173
 2168 0.003038864104957
 2169 0.003032227871184
 2170 0.003025590937357
 2171 0.003018953073959
 2172 0.003012314057401
 2173 0.003005673669964
 2174 0.002999031699735
 2175 0.002992387940538
 2176 0.002985742191882
 2177 0.002979094121382
 2178 0.002972443637699
 2179 0.002965790591669
 2180 0.002959134804991
 2181 0.002952476104827
 2182 0.002945814323713
 2183 0.002939149299491
 2184 0.002932480875231
 2185 0.002925808899167
 2186 0.002919133224623
 2187 0.002912453709958
 2188 0.002905770218502
 2189 0.002899082618517
 2190 0.002892390783145
 2191 0.002885694590378
 2192 0.002878993923019
 2193 0.002872288668657
 2194 0.002865578719649
 2195 0.002858863973097
 2196 0.002852144306561
 2197 0.002845419516972
 2198 0.002838689644579
 2199 0.002831954605433
 2200 0.002825214320351
 2201 0.002818468714871
 2202 0.002811717719196
 2203 0.002804961030667
 2204 0.002798198692580
 2205 0.002791430790236
 2206 0.002784657260580
 2207 0.002777878057568
 2208 0.002771093139303
 2209 0.002764302467955
 2210 0.002757506009705
 2211 0.002750703734704
 2212 0.002743895617006
 2213 0.002737081634552
 2214 0.002730261769112
 2215 0.002723436006265
 2216 0.002716604335359
 2217 0.002709766749475
 2218 0.002702923245414
 2219 0.002696073823644
 2220 0.002689218488275
 2221 0.002682357261929
 2222 0.002675490147570
 2223 0.002668617127703
 2224 0.002661738225463
 2225 0.002654853485722
 2226 0.002647962933861
 2227 0.002641066598321
 2228 0.002634164510570
 2229 0.002627256705058
 2230 0.002620343219210
 2231 0.002613424093393
 2232 0.002606499370909
 2233 0.002599569097982
 2234 0.002592633323744
 2235 0.002585692100228
 2236 0.002578745482356
 2237 0.002571793527944
 2238 0.002564836297665
 2239 0.002557873855060
 2240 0.002550906266511
 2241 0.002543933601225
 2242 0.002536955931202
 2243 0.002529973331229
 2244 0.002522985878829
 2245 0.002515993654239
 2246 0.002508996651024
 2247 0.002501995003160
 2248 0.002494988835249
 2249 0.002487978238223
 2250 0.002480963305590
 2251 0.002473944133361
 2252 0.002466920819966
 2253 0.002459893466185
 2254 0.002452862175071
 2255 0.002445827051861
 2256 0.002438788203926
 2257 0.002431745740679
 2258 0.002424699773515
 2259 0.002417650415764
 2260 0.002410597782632
 2261 0.002403541991147
 2262 0.002396483160136
 2263 0.002389421410183
 2264 0.002382356805986
 2265 0.002375289480626
 2266 0.002368219604004
 2267 0.002361147303822
 2268 0.002354072709527
 2269 0.002346995952273
 2270 0.002339917164890
 2271 0.002332836481840
 2272 0.002325754039209
 2273 0.002318669974639
 2274 0.002311584427319
 2275 0.002304497537933
 2276 0.002297409448641
 2277 0.002290320303043
 2278 0.002283230246148
 2279 0.002276139424349
 2280 0.002269047985383
 2281 0.002261956078327
 2282 0.002254863853547
 2283 0.002247771462699
 2284 0.002240679058686
 2285 0.002233586795637
 2286 0.002226494828890
 2287 0.002219403314957
 2288 0.002212312411508
 2289 0.002205222277335
 2290 0.002198133072329
 2291 0.002191044956918
 2292 0.002183958008935
 2293 0.002176872471793
 2294 0.002169788509768
 2295 0.002162706288166
 2296 0.002155625973275
 2297 0.002148547732305
 2298 0.002141471733340
 2299 0.002134397993569
 2300 0.002127326817854
 2301 0.002120258389093
 2302 0.002113192878277
 2303 0.002106130457097
 2304 0.002099071288348
 2305 0.002092015497164
 2306 0.002084963310250
 2307 0.002077914901999
 2308 0.002070870447388
 2309 0.002063830121913
 2310 0.002056794101558
 2311 0.002049762562733
 2312 0.002042735682249
 2313 0.002035713637259
 2314 0.002028696605245
 2315 0.002021684713818
 2316 0.002014677845216
 2317 0.002007676498570
 2318 0.002000680848121
 2319 0.001993691101410
 2320 0.001986707438122
 2321 0.001979730038151
 2322 0.001972759040257
 2323 0.001965794653275
 2324 0.001958837066542
 2325 0.001951886461006
 2326 0.001944943017811
 2327 0.001938006918218
 2328 0.001931078343593
 2329 0.001924157475352
 2330 0.001917244494931
 2331 0.001910339583731
 2332 0.001903442923104
 2333 0.001896554594774
 2334 0.001889674820286
 2335 0.001882803835444
 2336 0.001875941821116
 2337 0.001869088958059
 2338 0.001862245426910
 2339 0.001855411408152
 2340 0.001848587082087
 2341 0.001841772628813
 2342 0.001834968228195
 2343 0.001828174059846
 2344 0.001821390303093
 2345 0.001814617136953
 2346 0.001807854740119
 2347 0.001801103290926
 2348 0.001794362967338
 2349 0.001787633946922
 2350 0.001780916406833
 2351 0.001774210523798
 2352 0.001767516474102
 2353 0.001760834433570
 2354 0.001754164577562
 2355 0.001747507080966
 2356 0.001740862118181
 2357 0.001734229863116
 2358 0.001727610489181
 2359 0.001721004169285
 2360 0.001714411075834
 2361 0.001707831380713
 2362 0.001701265255289
 2363 0.001694712870409
 2364 0.001688174396384
 2365 0.001681650002985
 2366 0.001675139859436
 2367 0.001668644134392
 2368 0.001662162995944
 2369 0.001655696611591
 2370 0.001649245148228
 2371 0.001642808697019
 2372 0.001636387391771
 2373 0.001629981499320
 2374 0.001623591183866
 2375 0.001617216608984
 2376 0.001610857937604
 2377 0.001604515331998
 2378 0.001598188953722
 2379 0.001591878963616
 2380 0.001585585521742
 2381 0.001579308787370
 2382 0.001573048918927
 2383 0.001566806073971
 2384 0.001560580409158
 2385 0.001554372080201
 2386 0.001548181241844
 2387 0.001542008047843
 2388 0.001535852650921
 2389 0.001529715202766
 2390 0.001523595854001
 2391 0.001517494754163
 2392 0.001511412051697
 2393 0.001505347893935
 2394 0.001499302427092
 2395 0.001493275796257
 2396 0.001487268145382
 2397 0.001481279617277
 2398 0.001475310353593
 2399 0.001469360494836
 2400 0.001463430180345
 2401 0.001457519548291
 2402 0.001451628650197
 2403 0.001445757698165
 2404 0.001439906831692
 2405 0.001434076184465
 2406 0.001428265889037
 2407 0.001422476076793
 2408 0.001416706877921
 2409 0.001410958421386
 2410 0.001405230834879
 2411 0.001399524244798
 2412 0.001393838776207
 2413 0.001388174552801
 2414 0.001382531696869
 2415 0.001376910329282
 2416 0.001371310569449
 2417 0.001365732535306
 2418 0.001360176343278
 2419 0.001354642108279
 2420 0.001349129943688
 2421 0.001343639961334
 2422 0.001338172238214
 2423 0.001332726891474
 2424 0.001327304048818
 2425 0.001321903816113
 2426 0.001316526297728
 2427 0.001311171596493
 2428 0.001305839813680
 2429 0.001300531048962
 2430 0.001295245400406
 2431 0.001289982964426
 2432 0.001284743835753
 2433 0.001279528107412
 2434 0.001274335870695
 2435 0.001269167215128
 2436 0.001264022228455
 2437 0.001258900996612
 2438 0.001253803603704
 2439 0.001248730060517
 2440 0.001243680472497
 2441 0.001238654799233
 2442 0.001233653251135
 2443 0.001228675922876
 2444 0.001223722887805
 2445 0.001218794217607
 2446 0.001213889982249
 2447 0.001209010249961
 2448 0.001204155087180
 2449 0.001199324558507
 2450 0.001194518726666
 2451 0.001189737652456
 2452 0.001184981394700
 2453 0.001180250010208
 2454 0.001175543553738
 2455 0.001170862077963
 2456 0.001166205633424
 2457 0.001161574268517
 2458 0.001156968029353
 2459 0.001152386958282
 2460 0.001147831095033
 2461 0.001143300479651
 2462 0.001138795150029
 2463 0.001134315141898
 2464 0.001129860488794
 2465 0.001125431223010
 2466 0.001121027386191
 2467 0.001116648987683
 2468 0.001112296052523
 2469 0.001107968603564
 2470 0.001103666661455
 2471 0.001099390244627
 2472 0.001095139369244
 2473 0.001090914049210
 2474 0.001086714296139
 2475 0.001082540119332
 2476 0.001078391525772
 2477 0.001074268520116
 2478 0.001070171104683
 2479 0.001066099279452
 2480 0.001062053042066
 2481 0.001058032387822
 2482 0.001054037309685
 2483 0.001050067798290
 2484 0.001046123841941
 2485 0.001042205426631
 2486 0.001038312536038
 2487 0.001034445151533
 2488 0.001030603252186
 2489 0.001026786814777
 2490 0.001022995813789
 2491 0.001019230221423
 2492 0.001015490007589
 2493 0.001011775139923
 2494 0.001008085583761
 2495 0.001004421302161
 2496 0.001000782255891
 2497 0.000997168403432
